#C_ID        C_RA    C_DEC   C_Z   C_NGAL C_SN   C_AREA C_SIZE
000000000089 158.879 -00.049 0.484 000013 00.359 43.749 03.732
000000000028 161.204 -00.248 0.620 000012 00.167 171.672 07.392
000000000319 321.136 -00.076 0.466 000011 00.198 102.962 05.725
000000000005 152.855 -00.033 0.511 000011 00.351 32.659 03.224
000000000183 190.721 +00.040 0.469 000011 00.243 68.449 04.668
000000000031 035.435 -00.212 0.591 000010 00.267 46.779 03.859
000000000167 210.616 -00.546 0.440 000010 00.231 62.502 04.460
000000000265 342.398 -00.440 0.498 000008 00.309 22.386 02.669
000000000176 191.556 -00.514 0.486 000007 00.206 38.366 03.495
000000000216 344.850 -00.007 0.511 000007 00.302 17.913 02.388
000000000073 164.498 +00.192 0.404 000007 00.103 154.123 07.004
000000000059 034.990 -00.089 0.557 000007 00.190 45.292 03.797
000000000155 343.378 -00.472 0.570 000007 00.311 16.927 02.321
000000000223 190.764 +00.147 0.468 000006 00.331 10.972 01.869
000000000296 211.301 +00.174 0.440 000006 00.232 22.374 02.669
000000000262 206.604 +00.064 0.482 000006 00.222 24.296 02.781
000000000256 220.006 -00.470 0.541 000006 00.323 11.523 01.915
000000000250 205.602 +00.144 0.528 000006 00.375 08.541 01.649
000000000041 015.697 +00.054 0.416 000006 00.098 124.846 06.304
000000000242 202.261 -00.080 0.489 000006 00.234 21.995 02.646
000000000230 205.293 -00.164 0.448 000006 00.298 13.531 02.075
000000000051 155.050 +00.338 0.450 000006 00.131 69.929 04.718
000000000228 204.258 +00.038 0.478 000006 00.188 33.944 03.287
000000000244 219.030 +00.276 0.460 000006 00.298 13.558 02.077
000000000156 226.021 -00.778 0.443 000006 00.158 48.060 03.911
000000000013 013.394 +00.479 0.422 000006 00.088 154.816 07.020
000000000204 326.046 -00.463 0.592 000006 00.331 10.949 01.867
000000000194 202.195 -00.369 0.528 000006 00.383 08.197 01.615
000000000114 152.896 +00.137 0.436 000006 00.137 63.993 04.513
000000000168 207.595 -00.005 0.519 000006 00.350 09.768 01.763
000000000141 188.323 +00.221 0.410 000005 00.071 164.109 07.228
000000000299 343.128 -00.910 0.539 000005 00.331 07.598 01.555
000000000056 034.677 -00.251 0.656 000005 00.200 20.760 02.571
000000000148 211.535 -00.479 0.584 000005 00.446 04.187 01.154
000000000303 207.879 -00.203 0.520 000005 00.162 31.802 03.182
000000000217 347.025 -00.493 0.572 000005 00.313 08.511 01.646
000000000049 163.407 -00.296 0.674 000005 00.073 157.893 07.089
000000000315 227.619 -00.055 0.567 000005 00.204 20.044 02.526
000000000316 190.462 -00.521 0.459 000005 00.295 09.562 01.745
000000000044 155.316 -00.468 0.518 000005 00.613 02.215 00.840
000000000145 219.622 -00.441 0.544 000005 00.210 18.877 02.451
000000000312 206.945 -00.041 0.555 000005 00.223 16.832 02.315
000000000293 207.511 -00.474 0.638 000005 00.131 48.409 03.925
000000000170 206.915 +00.273 0.500 000005 00.327 07.816 01.577
000000000294 325.375 -00.437 0.615 000005 00.181 25.488 02.848
000000000061 151.575 -00.245 0.485 000005 00.432 04.457 01.191
000000000289 211.981 -00.500 0.467 000005 00.219 17.314 02.348
000000000283 223.678 +00.271 0.581 000005 00.307 08.853 01.679
000000000279 205.414 +00.288 0.508 000005 00.577 02.501 00.892
000000000070 162.154 +00.233 0.489 000005 00.436 04.384 01.181
000000000171 321.867 -00.450 0.475 000005 00.335 07.441 01.539
000000000264 211.779 -00.271 0.556 000005 00.374 05.956 01.377
000000000189 200.788 -00.226 0.466 000005 00.242 14.193 02.126
000000000252 201.135 -00.516 0.561 000005 00.305 08.947 01.688
000000000201 213.094 -00.910 0.637 000005 00.117 60.533 04.390
000000000102 152.146 -00.413 0.588 000005 00.326 07.851 01.581
000000000042 162.109 -00.843 0.496 000005 00.336 07.361 01.531
000000000192 221.242 +00.190 0.618 000005 00.122 56.429 04.238
000000000142 207.260 -00.132 0.611 000005 00.141 41.976 03.655
000000000020 185.579 -00.566 0.458 000005 00.221 17.036 02.329
000000000362 314.553 -00.206 0.713 000005 00.112 66.983 04.618
000000000029 011.084 -00.137 0.477 000005 00.321 08.068 01.603
000000000375 226.153 -00.163 0.634 000005 00.132 48.094 03.913
000000000007 185.303 +00.241 0.533 000005 00.178 26.287 02.893
000000000359 322.984 -00.510 0.494 000005 00.338 07.289 01.523
000000000351 221.317 +00.110 0.545 000005 00.370 06.079 01.391
000000000370 199.657 -00.417 0.476 000005 00.177 26.538 02.906
000000000358 205.513 -00.731 0.600 000005 00.113 64.993 04.548
000000000372 211.286 -00.452 0.584 000005 00.277 10.868 01.860
000000000332 186.188 -00.678 0.494 000005 00.265 11.836 01.941
000000000025 150.706 +00.532 0.577 000005 00.225 16.420 02.286
000000000018 034.980 +00.370 0.540 000005 00.243 14.136 02.121
000000000364 207.256 -00.285 0.549 000005 00.200 20.840 02.576
000000000356 224.776 -00.474 0.439 000005 00.148 38.190 03.487
000000000347 210.306 +00.283 0.475 000005 00.281 10.562 01.834
000000000001 156.660 -00.315 0.487 000005 00.210 18.967 02.457
000000000093 142.161 +00.046 0.456 000004 00.489 02.228 00.842
000000000014 150.703 -00.747 0.651 000004 00.093 61.470 04.423
000000000222 321.024 -00.117 0.506 000004 00.238 09.381 01.728
000000000227 187.641 +00.177 0.403 000004 00.067 118.944 06.153
000000000229 209.562 +00.057 0.532 000004 00.179 16.674 02.304
000000000224 348.240 -00.244 0.587 000004 00.357 04.193 01.155
000000000087 014.348 +00.121 0.572 000004 00.165 19.658 02.501
000000000232 185.274 -00.570 0.765 000004 00.024 932.484 17.228
000000000234 343.588 +00.015 0.577 000004 00.267 07.456 01.541
000000000091 167.293 +00.173 0.540 000004 00.224 10.671 01.843
000000000327 204.864 -00.559 0.467 000004 00.153 22.742 02.691
000000000238 186.342 -00.142 0.472 000004 00.404 03.266 01.020
000000000214 218.781 +00.306 0.575 000004 00.169 18.739 02.442
000000000085 163.204 +00.699 0.615 000004 00.095 59.486 04.351
000000000245 218.252 +00.412 0.453 000004 00.340 04.609 01.211
000000000084 139.636 -00.589 0.583 000004 00.238 09.449 01.734
000000000083 012.722 +00.608 0.499 000004 00.196 13.859 02.100
000000000357 346.357 +00.157 0.612 000004 00.118 38.521 03.502
000000000080 141.974 -00.137 0.457 000004 00.399 03.355 01.033
000000000253 203.645 +00.356 0.485 000004 00.712 01.051 00.578
000000000365 220.252 +00.626 0.541 000004 00.144 25.839 02.868
000000000200 321.863 -00.270 0.482 000004 00.589 01.536 00.699
000000000212 187.872 -00.593 0.401 000004 00.055 175.560 07.475
000000000103 162.227 +00.468 0.482 000004 00.303 05.805 01.359
000000000140 224.045 -00.053 0.637 000004 00.227 10.348 01.815
000000000003 010.342 +00.299 0.611 000004 00.186 15.479 02.220
000000000138 208.811 +00.175 0.676 000004 00.176 17.288 02.346
000000000154 321.577 -00.091 0.521 000004 00.485 02.263 00.849
000000000004 158.335 +00.624 0.482 000004 00.194 14.118 02.120
000000000006 151.943 +00.043 0.467 000004 00.219 11.107 01.880
000000000131 009.481 -00.113 0.493 000004 00.378 03.727 01.089
000000000162 190.532 +00.524 0.475 000004 00.198 13.573 02.079
000000000164 223.339 -00.011 0.564 000004 00.154 22.532 02.678
000000000128 138.302 -00.610 0.604 000004 00.248 08.643 01.659
000000000378 219.477 -00.269 0.546 000004 00.177 17.043 02.329
000000000377 200.037 +00.054 0.504 000004 00.262 07.791 01.575
000000000126 141.476 -00.080 0.491 000004 00.178 16.807 02.313
000000000177 201.494 +00.273 0.550 000004 00.131 30.967 03.140
000000000179 199.563 +00.098 0.505 000004 00.368 03.939 01.120
000000000121 137.913 -00.660 0.602 000004 00.317 05.308 01.300
000000000181 224.669 +00.056 0.535 000004 00.615 01.412 00.670
000000000120 163.942 -00.489 0.531 000004 00.196 13.826 02.098
000000000373 342.342 -00.185 0.511 000004 00.220 11.000 01.871
000000000188 219.091 -00.071 0.463 000004 00.794 00.847 00.519
000000000190 199.891 -00.028 0.474 000004 00.214 11.686 01.929
000000000009 153.170 -00.701 0.477 000004 00.342 04.565 01.205
000000000113 160.068 +00.612 0.544 000004 00.223 10.742 01.849
000000000196 322.413 -00.533 0.474 000004 00.229 10.188 01.801
000000000110 015.414 -00.777 0.640 000004 00.071 105.450 05.794
000000000079 010.416 -00.249 0.745 000004 00.039 352.949 10.599
000000000202 186.566 -00.600 0.491 000004 00.380 03.701 01.085
000000000254 219.373 +00.161 0.635 000004 00.117 39.117 03.529
000000000328 321.647 -00.495 0.472 000004 00.382 03.653 01.078
000000000024 013.370 -00.961 0.537 000004 00.177 16.961 02.324
000000000054 156.456 -00.110 0.456 000004 00.162 20.260 02.539
000000000278 191.715 -00.524 0.448 000004 00.169 18.724 02.441
000000000021 150.570 +00.187 0.492 000004 00.384 03.618 01.073
000000000053 165.075 -00.130 0.499 000004 00.218 11.268 01.894
000000000331 342.495 -00.701 0.483 000004 00.167 19.051 02.463
000000000045 160.859 -00.301 0.524 000004 00.263 07.684 01.564
000000000033 185.602 -01.159 0.494 000004 00.294 06.190 01.404
000000000333 210.816 -00.546 0.586 000004 00.127 33.231 03.252
000000000285 224.921 -00.302 0.561 000004 00.390 03.513 01.057
000000000047 139.706 -00.248 0.458 000004 00.232 09.923 01.777
000000000335 204.265 +00.262 0.740 000004 00.062 138.904 06.649
000000000286 223.082 +00.140 0.590 000004 00.194 14.177 02.124
000000000062 152.290 -00.006 0.526 000004 00.765 00.911 00.539
000000000034 167.254 -00.003 0.535 000004 00.301 05.884 01.368
000000000288 205.095 -00.366 0.451 000004 00.090 65.627 04.571
000000000290 190.556 +00.383 0.464 000004 00.348 04.402 01.184
000000000277 198.923 -00.409 0.512 000004 00.308 05.617 01.337
000000000060 185.499 +00.158 0.458 000004 00.202 13.106 02.043
000000000023 167.382 +00.240 0.530 000004 00.255 08.177 01.613
000000000077 155.993 +00.641 0.449 000004 00.264 07.641 01.560
000000000273 218.932 -00.124 0.543 000004 00.189 14.874 02.176
000000000037 161.882 -00.386 0.604 000004 00.168 18.927 02.455
000000000272 207.894 +00.402 0.455 000004 00.219 11.117 01.881
000000000326 321.494 -00.541 0.472 000004 00.410 03.166 01.004
000000000298 191.157 -00.075 0.575 000004 00.225 10.532 01.831
000000000297 222.782 +00.068 0.558 000004 00.243 09.044 01.697
000000000072 152.284 -00.711 0.614 000004 00.098 56.040 04.224
000000000036 010.795 +00.385 0.527 000004 00.305 05.723 01.350
000000000143 345.557 +00.318 0.517 000004 00.151 23.305 02.724
000000000074 034.565 -00.671 0.675 000004 00.091 65.085 04.552
000000000116 150.310 +00.188 0.492 000003 00.235 05.443 01.316
000000000032 010.350 -00.334 0.459 000003 00.305 03.223 01.013
000000000123 166.376 -00.414 0.505 000003 00.155 12.540 01.998
000000000055 124.372 -00.452 0.461 000003 00.252 04.712 01.225
000000000122 154.177 +00.030 0.501 000003 00.424 01.670 00.729
000000000050 152.508 -00.598 0.475 000003 00.509 01.160 00.608
000000000117 155.313 -00.860 0.517 000003 00.177 09.611 01.749
000000000118 141.906 -00.238 0.458 000003 00.240 05.201 01.287
000000000052 163.369 -00.944 0.560 000003 00.184 08.851 01.678
000000000119 010.308 +00.147 0.515 000003 00.180 09.284 01.719
000000000124 162.596 -00.801 0.462 000003 00.322 02.891 00.959
000000000008 013.231 -00.158 0.618 000003 00.289 03.601 01.071
000000000127 152.657 -00.489 0.522 000003 00.416 01.737 00.743
000000000125 158.916 -00.416 0.545 000003 00.176 09.631 01.751
000000000043 154.229 -00.847 0.542 000003 00.435 01.589 00.711
000000000002 185.145 -00.509 0.684 000003 00.066 68.246 04.661
000000000038 167.840 -00.519 0.558 000003 00.197 07.732 01.569
000000000039 009.082 -00.593 0.662 000003 00.107 26.090 02.882
000000000040 011.988 +00.587 0.577 000003 00.137 16.056 02.261
000000000137 326.465 -00.680 0.598 000003 00.164 11.196 01.888
000000000136 162.075 -00.404 0.599 000003 00.188 08.511 01.646
000000000135 155.404 -00.319 0.619 000003 00.098 31.151 03.149
000000000134 162.648 +00.518 0.483 000003 00.227 05.838 01.363
000000000048 137.780 +00.048 0.511 000003 00.223 06.052 01.388
000000000133 012.100 -00.933 0.725 000003 00.070 60.372 04.384
000000000132 158.737 -00.161 0.457 000003 00.174 09.889 01.774
000000000130 035.292 -00.447 0.475 000003 00.296 03.428 01.045
000000000129 036.326 -00.744 0.584 000003 00.193 08.023 01.598
000000000035 151.672 -00.219 0.449 000003 00.199 07.575 01.553
000000000057 138.174 +00.266 0.605 000003 00.159 11.796 01.938
000000000046 035.053 -00.646 0.585 000003 00.179 09.399 01.730
000000000030 150.214 +00.268 0.496 000003 00.233 05.526 01.326
000000000017 150.362 -00.322 0.520 000003 00.331 02.738 00.934
000000000115 151.139 +00.223 0.516 000003 00.934 00.344 00.331
000000000058 185.120 +00.182 0.384 000003 00.152 13.056 02.039
000000000095 015.125 +00.237 0.487 000003 00.308 03.155 01.002
000000000094 157.573 +00.291 0.529 000003 00.250 04.807 01.237
000000000064 156.628 -00.524 0.570 000003 00.312 03.080 00.990
000000000065 151.941 +00.145 0.531 000003 00.279 03.860 01.108
000000000066 185.449 +00.305 0.460 000003 00.216 06.424 01.430
000000000015 150.775 -00.549 0.549 000003 00.149 13.433 02.068
000000000092 156.685 -00.350 0.433 000003 00.180 09.264 01.717
000000000067 036.399 -00.103 0.445 000003 00.151 13.079 02.040
000000000068 165.953 -00.868 0.464 000003 00.169 10.561 01.834
000000000016 153.286 -00.194 0.564 000003 00.289 03.581 01.068
000000000088 142.204 -00.038 0.454 000003 00.541 01.024 00.571
000000000086 151.749 -00.516 0.471 000003 01.037 00.279 00.298
000000000069 013.655 +00.398 0.550 000003 00.224 05.953 01.377
000000000071 142.689 +00.430 0.580 000003 00.222 06.100 01.393
000000000019 033.946 +00.522 0.749 000003 00.066 69.638 04.708
000000000082 152.557 -00.097 0.510 000003 00.229 05.713 01.349
000000000081 140.763 +00.434 0.553 000003 00.469 01.365 00.659
000000000075 034.523 -00.584 0.512 000003 00.201 07.447 01.540
000000000076 140.802 +00.059 0.524 000003 01.216 00.203 00.254
000000000022 140.478 +00.093 0.497 000003 01.641 00.111 00.188
000000000063 150.555 -00.706 0.567 000003 00.183 08.933 01.686
000000000096 157.632 -00.027 0.491 000003 00.470 01.356 00.657
000000000108 153.037 +00.360 0.517 000003 00.218 06.302 01.416
000000000112 156.175 +00.373 0.500 000003 00.190 08.331 01.628
000000000027 033.414 +00.064 0.747 000003 00.045 150.013 06.910
000000000111 009.770 -00.050 0.541 000003 00.161 11.604 01.922
000000000026 141.470 -00.495 0.465 000003 00.332 02.714 00.929
000000000078 185.370 -00.500 0.640 000003 00.093 34.823 03.329
000000000010 162.516 +00.011 0.585 000003 00.276 03.951 01.122
000000000109 152.261 -00.044 0.420 000003 00.128 18.237 02.409
000000000011 159.682 -01.063 0.556 000003 00.155 12.444 01.990
000000000107 011.128 -00.542 0.748 000003 00.058 88.620 05.311
000000000097 156.742 -00.678 0.569 000003 00.844 00.421 00.366
000000000106 009.529 +00.485 0.556 000003 00.166 10.840 01.858
000000000105 163.469 -00.096 0.496 000003 00.192 08.115 01.607
000000000104 013.721 +00.299 0.545 000003 00.207 07.013 01.494
000000000012 035.752 +00.700 0.482 000003 00.226 05.849 01.365
000000000101 153.027 -00.623 0.466 000003 00.247 04.902 01.249
000000000100 010.816 -00.029 0.467 000003 00.186 08.692 01.663
000000000099 154.048 +00.104 0.465 000003 00.417 01.723 00.741
000000000098 164.003 -00.328 0.526 000003 00.193 08.051 01.601
000000000090 151.998 -00.022 0.584 000003 00.330 02.747 00.935
000000000386 199.755 -00.581 0.494 000003 00.222 06.087 01.392
000000000144 348.293 -00.750 0.567 000003 00.200 07.489 01.544
000000000318 321.212 +00.098 0.513 000003 00.279 03.850 01.107
000000000309 189.671 -00.351 0.618 000003 00.130 17.877 02.385
000000000310 222.006 -00.633 0.531 000003 00.307 03.190 01.008
000000000311 342.995 -00.298 0.600 000003 00.096 32.452 03.214
000000000313 343.253 +00.442 0.408 000003 00.093 34.639 03.321
000000000314 205.677 -00.242 0.544 000003 00.369 02.209 00.839
000000000317 221.393 -00.580 0.536 000003 00.257 04.551 01.204
000000000320 203.842 +00.371 0.486 000003 00.192 08.170 01.613
000000000307 204.531 -00.198 0.474 000003 00.152 13.058 02.039
000000000321 203.935 -00.010 0.476 000003 00.154 12.620 02.004
000000000322 326.443 -00.515 0.541 000003 00.184 08.888 01.682
000000000323 325.294 +00.175 0.494 000003 00.212 06.676 01.458
000000000324 224.807 -00.702 0.436 000003 00.289 03.603 01.071
000000000325 213.813 -00.526 0.379 000003 00.048 128.757 06.402
000000000329 226.089 -00.465 0.537 000003 00.516 01.129 00.599
000000000308 220.415 +00.541 0.563 000003 00.438 01.567 00.706
000000000306 204.965 -00.679 0.466 000003 00.152 12.913 02.027
000000000334 222.484 -00.506 0.554 000003 00.419 01.706 00.737
000000000287 199.896 +00.142 0.506 000003 00.193 08.059 01.602
000000000274 343.918 -00.340 0.551 000003 00.232 05.562 01.331
000000000276 229.089 -00.837 0.651 000003 00.095 33.575 03.269
000000000280 319.938 -00.966 0.540 000003 00.246 04.970 01.258
000000000281 212.740 -00.571 0.417 000003 00.126 18.749 02.443
000000000282 185.697 +00.400 0.456 000003 04.023 00.019 00.077
000000000284 188.838 +00.062 0.504 000003 00.447 01.502 00.692
000000000291 205.718 -00.323 0.603 000003 00.094 34.218 03.300
000000000305 189.091 +00.160 0.499 000003 00.192 08.168 01.612
000000000292 202.131 -00.331 0.657 000003 00.067 67.756 04.644
000000000295 207.753 -00.609 0.522 000003 00.343 02.546 00.900
000000000300 219.116 -00.199 0.624 000003 00.134 16.654 02.302
000000000301 326.813 -00.144 0.516 000003 00.235 05.438 01.316
000000000302 199.226 +00.201 0.523 000003 00.158 12.030 01.957
000000000304 211.641 -00.515 0.542 000003 00.156 12.368 01.984
000000000330 190.466 -00.052 0.521 000003 00.260 04.445 01.190
000000000336 192.597 -00.243 0.527 000003 00.148 13.619 02.082
000000000146 205.219 -00.454 0.443 000003 00.156 12.398 01.987
000000000374 221.961 -00.955 0.526 000003 00.194 07.982 01.594
000000000363 203.530 +00.335 0.473 000003 00.249 04.848 01.242
000000000366 188.805 -00.666 0.505 000003 00.248 04.897 01.249
000000000367 322.178 -00.808 0.606 000003 00.139 15.491 02.221
000000000368 211.500 -00.772 0.561 000003 00.352 02.419 00.877
000000000369 191.637 -00.279 0.486 000003 00.366 02.236 00.844
000000000371 202.445 +00.299 0.505 000003 00.291 03.539 01.061
000000000376 219.756 -00.528 0.543 000003 00.484 01.280 00.638
000000000360 209.893 +00.077 0.533 000003 00.280 03.839 01.105
000000000379 205.492 -00.482 0.416 000003 00.132 17.179 02.338
000000000380 203.086 -00.105 0.471 000003 00.249 04.837 01.241
000000000381 222.052 +00.228 0.443 000003 00.366 02.238 00.844
000000000382 321.481 -00.638 0.747 000003 00.043 161.812 07.177
000000000383 350.649 +00.398 0.481 000003 00.200 07.515 01.547
000000000384 203.676 +00.189 0.521 000003 00.185 08.747 01.669
000000000361 202.372 +00.007 0.491 000003 00.309 03.152 01.002
000000000355 185.710 +00.146 0.458 000003 00.192 08.130 01.609
000000000337 323.304 -00.183 0.462 000003 00.169 10.540 01.832
000000000344 325.299 -00.623 0.584 000003 00.257 04.527 01.200
000000000338 203.994 +00.574 0.670 000003 00.105 27.109 02.938
000000000339 218.124 +00.030 0.547 000003 00.934 00.344 00.331
000000000340 204.599 +00.262 0.461 000003 00.143 14.689 02.162
000000000341 187.269 +00.631 0.578 000003 00.340 02.593 00.909
000000000342 201.932 -00.774 0.576 000003 00.232 05.557 01.330
000000000343 351.878 +00.002 0.418 000003 00.298 03.384 01.038
000000000345 205.793 +00.047 0.531 000003 00.179 09.338 01.724
000000000354 225.467 -00.802 0.657 000003 00.108 25.922 02.872
000000000346 199.206 +00.271 0.503 000003 00.325 02.844 00.952
000000000348 351.301 -00.411 0.496 000003 00.257 04.525 01.200
000000000349 225.022 +00.492 0.446 000003 00.139 15.536 02.224
000000000350 206.291 -00.739 0.497 000003 00.327 02.810 00.946
000000000352 210.808 -00.337 0.435 000003 00.156 12.260 01.975
000000000353 352.396 +00.267 0.441 000003 00.140 15.390 02.213
000000000271 204.225 -00.362 0.472 000003 00.317 02.992 00.976
000000000270 185.922 -00.693 0.496 000003 00.725 00.570 00.426
000000000269 204.009 +00.398 0.329 000003 00.051 114.046 06.025
000000000191 220.915 -00.537 0.535 000003 00.330 02.757 00.937
000000000180 223.215 -00.368 0.578 000003 00.157 12.162 01.968
000000000182 321.717 -00.369 0.473 000003 00.163 11.223 01.890
000000000184 225.811 +00.148 0.458 000003 00.211 06.755 01.466
000000000185 227.830 -00.131 0.512 000003 00.356 02.367 00.868
000000000186 226.258 +00.550 0.508 000003 00.237 05.345 01.304
000000000187 322.372 +00.192 0.489 000003 00.278 03.896 01.114
000000000385 186.213 -00.657 0.553 000003 00.270 04.130 01.147
000000000174 204.902 +00.392 0.515 000003 00.251 04.760 01.231
000000000193 218.916 -00.951 0.495 000003 00.755 00.526 00.409
000000000195 349.395 +00.303 0.525 000003 00.182 09.031 01.695
000000000197 204.599 -00.728 0.389 000003 00.068 65.355 04.561
000000000198 228.442 -00.782 0.541 000003 00.253 04.699 01.223
000000000203 220.327 -00.674 0.558 000003 00.157 12.159 01.967
000000000205 202.749 -00.495 0.476 000003 00.312 03.082 00.990
000000000175 222.131 +00.445 0.441 000003 00.119 21.242 02.600
000000000173 206.638 -00.287 0.554 000003 00.338 02.626 00.914
000000000268 223.563 -00.145 0.581 000003 00.207 06.987 01.491
000000000158 204.779 -00.842 0.438 000003 00.091 36.173 03.393
000000000147 205.887 -00.306 0.706 000003 00.089 38.050 03.480
000000000150 199.623 +00.103 0.639 000003 00.090 37.130 03.438
000000000151 205.899 -00.901 0.550 000003 00.238 05.307 01.300
000000000152 226.768 +00.800 0.505 000003 00.230 05.671 01.344
000000000153 320.809 -00.304 0.509 000003 00.421 01.695 00.734
000000000157 313.977 +00.496 0.716 000003 00.061 79.755 05.039
000000000159 348.579 -00.061 0.488 000003 00.175 09.841 01.770
000000000172 321.028 -00.078 0.531 000003 00.155 12.520 01.996
000000000160 220.372 -00.900 0.537 000003 00.376 02.123 00.822
000000000161 199.809 +00.447 0.515 000003 00.241 05.177 01.284
000000000163 325.794 -01.019 0.552 000003 00.212 06.692 01.460
000000000165 322.838 +00.355 0.501 000003 00.157 12.187 01.970
000000000166 348.899 -00.148 0.570 000003 00.215 06.504 01.439
000000000169 205.102 -00.594 0.444 000003 00.269 04.149 01.149
000000000206 207.156 +00.048 0.507 000003 00.152 13.025 02.036
000000000207 212.928 -00.718 0.651 000003 00.117 21.965 02.644
000000000208 204.398 +00.066 0.476 000003 00.336 02.660 00.920
000000000251 324.755 -01.139 0.496 000003 00.259 04.473 01.193
000000000241 225.251 -00.412 0.470 000003 00.208 06.928 01.485
000000000243 343.640 -00.630 0.644 000003 00.084 42.545 03.680
000000000246 226.381 +00.264 0.624 000003 00.108 25.830 02.867
000000000247 212.619 +00.243 0.498 000003 00.322 02.897 00.960
000000000248 199.682 +00.121 0.505 000003 00.277 03.917 01.117
000000000249 350.558 -00.776 0.428 000003 00.106 26.670 02.914
000000000255 343.688 -00.949 0.530 000003 00.193 08.022 01.598
000000000209 211.093 -00.020 0.444 000003 00.163 11.316 01.898
000000000257 213.524 -00.540 0.645 000003 00.324 02.855 00.953
000000000258 328.106 -00.759 0.499 000003 00.197 07.768 01.572
000000000259 201.142 -00.216 0.656 000003 00.096 32.810 03.232
000000000261 321.789 -01.050 0.593 000003 00.424 01.668 00.729
000000000263 186.108 -00.386 0.491 000003 00.234 05.481 01.321
000000000266 204.420 -00.728 0.528 000003 00.354 02.391 00.872
000000000240 327.862 +00.241 0.460 000003 00.170 10.406 01.820
000000000239 186.965 -00.001 0.599 000003 00.302 03.291 01.024
000000000237 226.669 +00.133 0.501 000003 00.334 02.691 00.925
000000000236 223.802 -00.240 0.649 000003 00.089 38.091 03.482
000000000235 321.488 -00.159 0.527 000003 00.200 07.505 01.546
000000000233 225.861 +00.361 0.540 000003 00.398 01.892 00.776
000000000231 210.385 -00.666 0.578 000003 00.306 03.209 01.011
000000000226 342.512 -00.270 0.504 000003 00.164 11.122 01.882
000000000225 204.199 -00.352 0.524 000003 00.497 01.216 00.622
000000000221 202.986 -00.462 0.547 000003 00.147 13.870 02.101
000000000220 323.816 +00.238 0.612 000003 00.104 27.566 02.962
000000000219 347.834 -00.466 0.579 000003 00.220 06.185 01.403
000000000218 226.724 -00.871 0.677 000003 00.103 28.228 02.998
000000000215 204.847 -00.499 0.433 000003 00.171 10.201 01.802
000000000213 220.907 -00.972 0.561 000003 00.216 06.423 01.430
000000000211 224.324 -00.669 0.577 000003 00.243 05.097 01.274
000000000210 219.538 -00.441 0.324 000003 00.064 74.159 04.859
000000000000 141.250 -00.852 0.437 000003 00.340 02.600 00.910
