#C_ID        C_NGAL G_ID         G_RA    G_DEC  G_Z
000000000089 000013 000000003526 158.834 -00.002 0.485
000000000089 000013 000000003528 158.879 -00.064 0.491
000000000089 000013 000000004457 158.955 -00.080 0.481
000000000089 000013 000000004594 158.847 -00.016 0.486
000000000089 000013 000000005270 158.915 -00.096 0.481
000000000089 000013 000000006111 158.840 -00.005 0.478
000000000089 000013 000000007719 158.991 -00.020 0.485
000000000089 000013 000000008259 158.870 -00.038 0.484
000000000089 000013 000000009401 158.968 -00.049 0.485
000000000089 000013 000000010322 158.898 -00.146 0.482
000000000089 000013 000000010925 158.856 -00.028 0.484
000000000089 000013 000000011205 158.849 -00.159 0.484
000000000089 000013 000000011310 158.898 -00.050 0.488
000000000028 000012 000000000736 161.051 -00.081 0.613
000000000028 000012 000000001875 161.323 -00.374 0.622
000000000028 000012 000000003294 161.162 -00.235 0.625
000000000028 000012 000000003729 161.301 -00.348 0.624
000000000028 000012 000000004158 161.247 -00.264 0.623
000000000028 000012 000000005815 161.103 -00.035 0.612
000000000028 000012 000000007132 161.220 -00.262 0.624
000000000028 000012 000000007752 161.164 -00.105 0.617
000000000028 000012 000000010854 161.177 -00.055 0.612
000000000028 000012 000000011152 161.188 -00.159 0.617
000000000028 000012 000000011914 161.234 -00.346 0.629
000000000028 000012 000000012189 161.227 -00.300 0.619
000000000312 000011 000000003762 321.116 -00.164 0.460
000000000312 000011 000000004648 321.154 -00.011 0.468
000000000312 000011 000000005425 321.136 -00.203 0.466
000000000312 000011 000000006456 321.088 -00.029 0.466
000000000312 000011 000000007198 321.159 -00.040 0.453
000000000312 000011 000000008430 321.178 +00.011 0.466
000000000312 000011 000000010615 321.112 -00.076 0.469
000000000312 000011 000000012488 321.055 -00.248 0.469
000000000312 000011 000000012711 321.112 -00.260 0.463
000000000312 000011 000000012911 321.144 -00.124 0.468
000000000312 000011 000000013102 321.162 +00.031 0.449
000000000005 000011 000000000040 152.843 +00.003 0.511
000000000005 000011 000000001218 152.874 -00.045 0.511
000000000005 000011 000000004276 152.891 -00.033 0.507
000000000005 000011 000000004491 152.874 -00.047 0.512
000000000005 000011 000000004512 152.855 +00.002 0.511
000000000005 000011 000000004729 152.839 +00.045 0.511
000000000005 000011 000000005434 152.821 +00.075 0.514
000000000005 000011 000000005765 152.887 -00.076 0.515
000000000005 000011 000000006097 152.834 +00.128 0.513
000000000005 000011 000000010121 152.848 -00.049 0.511
000000000005 000011 000000012859 152.862 -00.039 0.511
000000000180 000011 000000000635 190.788 +00.054 0.469
000000000180 000011 000000000970 190.805 +00.061 0.462
000000000180 000011 000000005136 190.686 +00.025 0.470
000000000180 000011 000000005652 190.601 +00.094 0.473
000000000180 000011 000000007067 190.758 +00.033 0.469
000000000180 000011 000000008167 190.721 +00.051 0.469
000000000180 000011 000000009322 190.843 +00.021 0.466
000000000180 000011 000000010256 190.631 +00.027 0.460
000000000180 000011 000000010353 190.620 +00.040 0.479
000000000180 000011 000000011822 190.631 +00.086 0.466
000000000180 000011 000000012887 190.786 +00.030 0.469
000000000031 000010 000000000799 035.395 -00.216 0.594
000000000031 000010 000000001737 035.455 -00.275 0.593
000000000031 000010 000000002547 035.419 -00.307 0.593
000000000031 000010 000000006015 035.451 -00.237 0.592
000000000031 000010 000000006918 035.340 -00.181 0.590
000000000031 000010 000000010000 035.506 -00.204 0.578
000000000031 000010 000000011030 035.521 -00.182 0.594
000000000031 000010 000000011960 035.407 -00.207 0.588
000000000031 000010 000000012413 035.371 -00.199 0.586
000000000031 000010 000000013086 035.483 -00.236 0.590
000000000165 000010 000000000306 210.639 -00.520 0.433
000000000165 000010 000000001173 210.498 -00.659 0.447
000000000165 000010 000000001478 210.508 -00.650 0.443
000000000165 000010 000000002710 210.667 -00.460 0.440
000000000165 000010 000000003027 210.532 -00.607 0.444
000000000165 000010 000000003699 210.660 -00.464 0.439
000000000165 000010 000000005067 210.639 -00.547 0.437
000000000165 000010 000000007254 210.621 -00.540 0.440
000000000165 000010 000000008050 210.611 -00.545 0.436
000000000165 000010 000000011676 210.562 -00.578 0.442
000000000260 000008 000000002186 342.368 -00.487 0.492
000000000260 000008 000000002246 342.351 -00.518 0.495
000000000260 000008 000000005544 342.396 -00.439 0.500
000000000260 000008 000000006129 342.401 -00.428 0.501
000000000260 000008 000000007581 342.407 -00.385 0.497
000000000260 000008 000000008088 342.429 -00.440 0.498
000000000260 000008 000000009398 342.406 -00.386 0.500
000000000260 000008 000000011162 342.363 -00.478 0.498
000000000174 000007 000000000456 191.556 -00.514 0.486
000000000174 000007 000000000932 191.556 -00.486 0.484
000000000174 000007 000000002350 191.551 -00.586 0.486
000000000174 000007 000000002601 191.521 -00.619 0.488
000000000174 000007 000000003284 191.592 -00.414 0.489
000000000174 000007 000000003390 191.580 -00.539 0.489
000000000174 000007 000000007652 191.574 -00.461 0.486
000000000212 000007 000000001268 344.807 -00.042 0.511
000000000212 000007 000000005193 344.853 +00.004 0.514
000000000212 000007 000000007044 344.850 -00.000 0.511
000000000212 000007 000000008829 344.839 -00.025 0.513
000000000212 000007 000000009081 344.784 -00.058 0.510
000000000212 000007 000000009490 344.904 -00.007 0.505
000000000212 000007 000000012965 344.861 +00.038 0.517
000000000073 000007 000000002854 164.448 +00.192 0.402
000000000073 000007 000000002988 164.572 +00.286 0.408
000000000073 000007 000000003976 164.515 +00.231 0.391
000000000073 000007 000000007349 164.250 +00.059 0.407
000000000073 000007 000000007515 164.608 +00.217 0.403
000000000073 000007 000000008920 164.321 +00.094 0.408
000000000073 000007 000000010457 164.498 +00.183 0.404
000000000059 000007 000000002162 034.982 -00.089 0.559
000000000059 000007 000000003054 034.930 -00.197 0.555
000000000059 000007 000000003931 034.990 -00.110 0.553
000000000059 000007 000000007343 035.071 -00.010 0.563
000000000059 000007 000000008080 035.047 -00.046 0.558
000000000059 000007 000000010235 034.943 -00.137 0.557
000000000059 000007 000000012037 034.993 -00.050 0.552
000000000153 000007 000000000227 343.384 -00.472 0.574
000000000153 000007 000000000701 343.378 -00.467 0.584
000000000153 000007 000000000750 343.334 -00.507 0.567
000000000153 000007 000000003311 343.334 -00.574 0.570
000000000153 000007 000000004138 343.390 -00.457 0.569
000000000153 000007 000000004144 343.368 -00.486 0.568
000000000153 000007 000000009725 343.429 -00.447 0.570
000000000219 000006 000000001400 190.732 +00.158 0.471
000000000219 000006 000000002567 190.738 +00.170 0.468
000000000219 000006 000000002711 190.778 +00.137 0.468
000000000219 000006 000000003244 190.757 +00.186 0.475
000000000219 000006 000000006273 190.770 +00.131 0.465
000000000219 000006 000000012936 190.802 +00.126 0.462
000000000289 000006 000000003018 211.251 +00.155 0.448
000000000289 000006 000000003099 211.376 +00.170 0.436
000000000289 000006 000000008842 211.317 +00.179 0.439
000000000289 000006 000000009755 211.280 +00.131 0.449
000000000289 000006 000000011907 211.325 +00.189 0.439
000000000289 000006 000000012445 211.285 +00.216 0.442
000000000257 000006 000000002080 206.636 -00.038 0.469
000000000257 000006 000000003122 206.603 +00.003 0.481
000000000257 000006 000000003382 206.591 +00.064 0.486
000000000257 000006 000000004216 206.605 +00.093 0.484
000000000257 000006 000000007557 206.618 +00.129 0.480
000000000257 000006 000000012693 206.602 +00.064 0.484
000000000252 000006 000000002006 219.982 -00.459 0.543
000000000252 000006 000000002684 220.054 -00.478 0.540
000000000252 000006 000000003196 220.000 -00.463 0.555
000000000252 000006 000000005975 219.996 -00.462 0.543
000000000252 000006 000000007546 220.012 -00.512 0.538
000000000252 000006 000000011629 220.057 -00.479 0.537
000000000246 000006 000000001913 205.653 +00.156 0.527
000000000246 000006 000000002103 205.600 +00.152 0.530
000000000246 000006 000000004567 205.604 +00.135 0.528
000000000246 000006 000000005754 205.601 +00.134 0.525
000000000246 000006 000000010533 205.645 +00.174 0.530
000000000246 000006 000000011669 205.596 +00.111 0.526
000000000041 000006 000000001206 015.707 +00.073 0.409
000000000041 000006 000000001675 015.688 +00.167 0.421
000000000041 000006 000000004585 015.729 +00.034 0.422
000000000041 000006 000000004957 015.688 -00.165 0.417
000000000041 000006 000000008886 015.671 -00.072 0.415
000000000041 000006 000000008998 015.802 +00.089 0.399
000000000238 000006 000000001748 202.279 -00.113 0.489
000000000238 000006 000000009115 202.267 -00.090 0.489
000000000238 000006 000000009679 202.205 +00.005 0.489
000000000238 000006 000000010071 202.255 -00.069 0.491
000000000238 000006 000000011965 202.283 -00.117 0.488
000000000238 000006 000000013125 202.214 -00.045 0.489
000000000226 000006 000000001508 205.229 -00.164 0.435
000000000226 000006 000000002001 205.313 -00.165 0.448
000000000226 000006 000000004938 205.303 -00.178 0.448
000000000226 000006 000000009375 205.282 -00.214 0.447
000000000226 000006 000000012004 205.325 -00.160 0.450
000000000226 000006 000000012283 205.283 -00.143 0.449
000000000051 000006 000000001734 154.950 +00.409 0.449
000000000051 000006 000000005234 154.994 +00.347 0.449
000000000051 000006 000000006770 155.136 +00.329 0.458
000000000051 000006 000000007028 155.073 +00.213 0.451
000000000051 000006 000000008091 155.031 +00.285 0.462
000000000051 000006 000000012177 155.069 +00.350 0.449
000000000224 000006 000000001498 204.255 +00.021 0.477
000000000224 000006 000000002742 204.290 +00.054 0.482
000000000224 000006 000000003476 204.199 +00.017 0.478
000000000224 000006 000000006445 204.156 -00.015 0.476
000000000224 000006 000000008839 204.260 +00.086 0.478
000000000224 000006 000000009438 204.303 +00.060 0.478
000000000240 000006 000000001811 219.052 +00.284 0.456
000000000240 000006 000000003055 219.002 +00.277 0.460
000000000240 000006 000000004338 218.999 +00.288 0.459
000000000240 000006 000000005359 219.028 +00.211 0.469
000000000240 000006 000000007150 219.032 +00.275 0.460
000000000240 000006 000000007358 219.081 +00.253 0.460
000000000154 000006 000000000240 226.006 -00.787 0.446
000000000154 000006 000000000798 226.111 -00.791 0.444
000000000154 000006 000000005237 226.036 -00.725 0.442
000000000154 000006 000000007212 225.921 -00.699 0.443
000000000154 000006 000000008758 225.960 -00.769 0.442
000000000154 000006 000000010835 226.054 -00.798 0.445
000000000013 000006 000000000280 013.408 +00.555 0.415
000000000013 000006 000000005848 013.380 +00.455 0.420
000000000013 000006 000000007556 013.408 +00.325 0.426
000000000013 000006 000000009178 013.372 +00.261 0.430
000000000013 000006 000000009399 013.287 +00.611 0.424
000000000013 000006 000000011908 013.442 +00.502 0.405
000000000200 000006 000000000995 326.087 -00.486 0.595
000000000200 000006 000000001633 326.049 -00.441 0.592
000000000200 000006 000000006041 326.051 -00.468 0.588
000000000200 000006 000000010788 326.007 -00.459 0.591
000000000200 000006 000000012635 326.043 -00.430 0.592
000000000200 000006 000000012819 326.010 -00.477 0.591
000000000191 000006 000000000864 202.202 -00.368 0.528
000000000191 000006 000000001085 202.189 -00.369 0.530
000000000191 000006 000000005451 202.194 -00.316 0.526
000000000191 000006 000000007190 202.201 -00.371 0.529
000000000191 000006 000000009141 202.196 -00.403 0.527
000000000191 000006 000000010173 202.194 -00.314 0.530
000000000114 000006 000000005204 152.907 +00.113 0.427
000000000114 000006 000000006088 152.885 +00.053 0.437
000000000114 000006 000000006538 152.871 +00.295 0.434
000000000114 000006 000000009817 152.903 +00.232 0.442
000000000114 000006 000000011238 152.888 +00.161 0.435
000000000114 000006 000000012137 152.912 +00.081 0.436
000000000166 000006 000000000330 207.554 +00.018 0.504
000000000166 000006 000000003243 207.576 -00.037 0.519
000000000166 000006 000000004200 207.599 -00.024 0.521
000000000166 000006 000000004866 207.591 +00.014 0.507
000000000166 000006 000000010138 207.601 +00.017 0.521
000000000166 000006 000000012379 207.606 -00.033 0.520
000000000140 000005 000000000046 188.217 +00.461 0.407
000000000140 000005 000000005049 188.446 +00.073 0.410
000000000140 000005 000000006481 188.323 +00.221 0.410
000000000140 000005 000000006820 188.324 +00.183 0.410
000000000140 000005 000000007813 188.304 +00.329 0.408
000000000292 000005 000000003080 343.144 -00.839 0.539
000000000292 000005 000000007429 343.117 -00.918 0.539
000000000292 000005 000000009779 343.128 -00.910 0.541
000000000292 000005 000000010078 343.118 -00.911 0.541
000000000292 000005 000000011929 343.144 -00.881 0.536
000000000056 000005 000000002009 034.653 -00.358 0.671
000000000056 000005 000000008445 034.677 -00.251 0.649
000000000056 000005 000000010134 034.688 -00.248 0.656
000000000056 000005 000000010888 034.684 -00.261 0.668
000000000056 000005 000000011231 034.664 -00.172 0.653
000000000147 000005 000000000125 211.527 -00.466 0.585
000000000147 000005 000000005516 211.535 -00.466 0.586
000000000147 000005 000000007831 211.557 -00.487 0.584
000000000147 000005 000000009119 211.552 -00.479 0.581
000000000147 000005 000000010491 211.511 -00.493 0.572
000000000296 000005 000000003137 207.833 -00.136 0.521
000000000296 000005 000000004401 207.898 -00.285 0.520
000000000296 000005 000000008462 207.879 -00.260 0.520
000000000296 000005 000000010195 207.889 -00.203 0.520
000000000296 000005 000000012828 207.867 -00.171 0.523
000000000213 000005 000000001285 347.025 -00.503 0.571
000000000213 000005 000000005306 346.966 -00.465 0.583
000000000213 000005 000000005859 347.042 -00.493 0.572
000000000213 000005 000000012404 347.005 -00.497 0.573
000000000213 000005 000000013124 347.050 -00.493 0.570
000000000049 000005 000000001668 163.318 -00.124 0.693
000000000049 000005 000000002115 163.407 -00.361 0.674
000000000049 000005 000000002131 163.369 -00.176 0.678
000000000049 000005 000000007278 163.432 -00.296 0.669
000000000049 000005 000000012468 163.410 -00.478 0.672
000000000308 000005 000000003603 227.640 -00.055 0.567
000000000308 000005 000000004462 227.619 -00.032 0.567
000000000308 000005 000000005186 227.598 -00.060 0.568
000000000308 000005 000000011892 227.624 +00.024 0.566
000000000308 000005 000000012344 227.597 -00.117 0.570
000000000309 000005 000000003689 190.420 -00.483 0.459
000000000309 000005 000000004392 190.412 -00.540 0.463
000000000309 000005 000000004434 190.462 -00.521 0.459
000000000309 000005 000000005070 190.489 -00.517 0.458
000000000309 000005 000000007778 190.470 -00.522 0.459
000000000044 000005 000000001266 155.314 -00.468 0.517
000000000044 000005 000000003023 155.317 -00.496 0.520
000000000044 000005 000000004314 155.328 -00.460 0.516
000000000044 000005 000000005625 155.312 -00.494 0.522
000000000044 000005 000000010325 155.316 -00.468 0.518
000000000144 000005 000000000113 219.622 -00.425 0.547
000000000144 000005 000000003090 219.587 -00.390 0.546
000000000144 000005 000000004807 219.612 -00.442 0.541
000000000144 000005 000000004977 219.668 -00.490 0.540
000000000144 000005 000000008471 219.671 -00.441 0.544
000000000305 000005 000000003490 206.945 -00.049 0.559
000000000305 000005 000000003686 206.932 -00.069 0.553
000000000305 000005 000000003875 206.955 -00.041 0.554
000000000305 000005 000000004622 206.923 +00.009 0.555
000000000305 000005 000000005320 206.962 +00.047 0.557
000000000286 000005 000000002961 207.511 -00.504 0.641
000000000286 000005 000000005829 207.607 -00.474 0.637
000000000286 000005 000000005908 207.481 -00.419 0.638
000000000286 000005 000000008680 207.606 -00.486 0.637
000000000286 000005 000000011452 207.469 -00.465 0.641
000000000168 000005 000000000350 206.881 +00.239 0.499
000000000168 000005 000000003809 206.915 +00.279 0.495
000000000168 000005 000000005377 206.877 +00.221 0.500
000000000168 000005 000000009711 206.926 +00.273 0.502
000000000168 000005 000000012471 206.916 +00.276 0.501
000000000287 000005 000000003011 325.321 -00.412 0.622
000000000287 000005 000000004850 325.375 -00.440 0.614
000000000287 000005 000000006087 325.388 -00.423 0.615
000000000287 000005 000000007784 325.304 -00.505 0.618
000000000287 000005 000000008875 325.432 -00.437 0.606
000000000061 000005 000000002264 151.575 -00.245 0.485
000000000061 000005 000000003975 151.595 -00.248 0.485
000000000061 000005 000000004665 151.618 -00.251 0.486
000000000061 000005 000000007127 151.546 -00.228 0.472
000000000061 000005 000000010973 151.574 -00.245 0.486
000000000282 000005 000000002870 211.927 -00.550 0.466
000000000282 000005 000000007412 212.025 -00.483 0.467
000000000282 000005 000000008249 211.993 -00.500 0.470
000000000282 000005 000000009365 211.981 -00.459 0.466
000000000282 000005 000000012983 211.959 -00.504 0.467
000000000276 000005 000000002714 223.681 +00.232 0.581
000000000276 000005 000000005689 223.633 +00.269 0.578
000000000276 000005 000000007467 223.665 +00.288 0.579
000000000276 000005 000000008528 223.678 +00.284 0.582
000000000276 000005 000000008693 223.699 +00.271 0.581
000000000272 000005 000000002548 205.420 +00.288 0.503
000000000272 000005 000000005396 205.421 +00.310 0.504
000000000272 000005 000000006756 205.414 +00.289 0.510
000000000272 000005 000000011997 205.398 +00.254 0.514
000000000272 000005 000000012522 205.411 +00.282 0.508
000000000070 000005 000000002758 162.154 +00.241 0.480
000000000070 000005 000000004590 162.145 +00.247 0.494
000000000070 000005 000000005416 162.130 +00.233 0.490
000000000070 000005 000000005968 162.166 +00.221 0.489
000000000070 000005 000000008075 162.175 +00.208 0.488
000000000169 000005 000000000351 321.830 -00.454 0.478
000000000169 000005 000000003916 321.870 -00.387 0.484
000000000169 000005 000000006220 321.874 -00.456 0.470
000000000169 000005 000000008246 321.867 -00.450 0.468
000000000169 000005 000000012388 321.852 -00.439 0.475
000000000259 000005 000000002141 211.825 -00.249 0.542
000000000259 000005 000000003548 211.779 -00.251 0.557
000000000259 000005 000000005418 211.767 -00.290 0.556
000000000259 000005 000000006658 211.774 -00.275 0.552
000000000259 000005 000000010734 211.794 -00.271 0.556
000000000186 000005 000000000732 200.800 -00.226 0.466
000000000186 000005 000000003365 200.788 -00.236 0.468
000000000186 000005 000000004806 200.722 -00.218 0.468
000000000186 000005 000000010940 200.767 -00.214 0.466
000000000186 000005 000000012462 200.848 -00.249 0.466
000000000248 000005 000000001956 201.122 -00.516 0.557
000000000248 000005 000000008178 201.135 -00.552 0.562
000000000248 000005 000000008629 201.132 -00.520 0.561
000000000248 000005 000000011523 201.140 -00.477 0.558
000000000248 000005 000000012883 201.162 -00.477 0.561
000000000197 000005 000000000969 213.098 -00.837 0.636
000000000197 000005 000000002010 213.123 -00.910 0.632
000000000197 000005 000000002816 212.995 -00.930 0.648
000000000197 000005 000000006991 213.094 -00.950 0.637
000000000197 000005 000000012339 212.993 -00.839 0.637
000000000102 000005 000000004829 152.186 -00.413 0.588
000000000102 000005 000000005835 152.147 -00.398 0.588
000000000102 000005 000000008380 152.130 -00.430 0.584
000000000102 000005 000000009511 152.124 -00.445 0.586
000000000102 000005 000000012432 152.146 -00.399 0.588
000000000042 000005 000000001219 162.109 -00.843 0.496
000000000042 000005 000000005066 162.119 -00.832 0.496
000000000042 000005 000000008499 162.099 -00.875 0.495
000000000042 000005 000000011059 162.104 -00.860 0.496
000000000042 000005 000000012261 162.116 -00.783 0.501
000000000189 000005 000000000847 221.209 +00.190 0.622
000000000189 000005 000000001323 221.242 +00.258 0.618
000000000189 000005 000000005347 221.314 +00.223 0.619
000000000189 000005 000000006447 221.312 +00.188 0.610
000000000189 000005 000000007454 221.141 +00.175 0.617
000000000141 000005 000000000060 207.275 -00.079 0.610
000000000141 000005 000000000468 207.284 -00.208 0.613
000000000141 000005 000000001896 207.260 -00.081 0.612
000000000141 000005 000000007452 207.238 -00.150 0.611
000000000141 000005 000000009513 207.170 -00.132 0.605
000000000020 000005 000000000521 185.577 -00.609 0.452
000000000020 000005 000000004601 185.643 -00.493 0.456
000000000020 000005 000000006469 185.579 -00.566 0.458
000000000020 000005 000000009656 185.597 -00.550 0.458
000000000020 000005 000000011064 185.576 -00.597 0.459
000000000355 000005 000000006024 314.553 -00.207 0.710
000000000355 000005 000000006112 314.616 -00.197 0.721
000000000355 000005 000000009066 314.394 -00.206 0.713
000000000355 000005 000000010400 314.635 -00.183 0.716
000000000355 000005 000000012708 314.514 -00.270 0.708
000000000029 000005 000000000742 011.058 -00.137 0.478
000000000029 000005 000000006008 011.088 -00.131 0.477
000000000029 000005 000000007730 011.084 -00.131 0.476
000000000029 000005 000000010722 011.030 -00.154 0.477
000000000029 000005 000000011086 011.098 -00.172 0.480
000000000368 000005 000000007734 226.071 -00.208 0.639
000000000368 000005 000000008929 226.158 -00.155 0.634
000000000368 000005 000000010358 226.153 -00.145 0.632
000000000368 000005 000000011032 225.973 -00.243 0.636
000000000368 000005 000000011146 226.161 -00.163 0.630
000000000007 000005 000000000139 185.303 +00.188 0.533
000000000007 000005 000000001032 185.277 +00.241 0.532
000000000007 000005 000000004961 185.310 +00.290 0.534
000000000007 000005 000000009749 185.308 +00.334 0.534
000000000007 000005 000000012117 185.290 +00.227 0.532
000000000352 000005 000000005963 322.963 -00.510 0.494
000000000352 000005 000000007937 322.956 -00.492 0.497
000000000352 000005 000000008140 323.009 -00.531 0.491
000000000352 000005 000000009453 323.019 -00.527 0.488
000000000352 000005 000000012839 322.984 -00.509 0.495
000000000344 000005 000000005804 221.317 +00.147 0.545
000000000344 000005 000000006000 221.312 +00.118 0.544
000000000344 000005 000000008215 221.294 +00.104 0.544
000000000344 000005 000000009587 221.339 +00.110 0.545
000000000344 000005 000000011460 221.318 +00.086 0.545
000000000363 000005 000000002194 199.669 -00.386 0.475
000000000363 000005 000000006985 199.658 -00.454 0.483
000000000363 000005 000000010641 199.671 -00.481 0.477
000000000363 000005 000000010736 199.619 -00.417 0.476
000000000363 000005 000000012797 199.602 -00.379 0.475
000000000351 000005 000000005878 205.598 -00.731 0.600
000000000351 000005 000000005960 205.485 -00.796 0.606
000000000351 000005 000000010093 205.513 -00.713 0.607
000000000351 000005 000000011284 205.588 -00.647 0.593
000000000351 000005 000000012074 205.489 -00.821 0.598
000000000365 000005 000000007301 211.268 -00.450 0.594
000000000365 000005 000000008360 211.286 -00.460 0.583
000000000365 000005 000000008498 211.328 -00.506 0.582
000000000365 000005 000000009336 211.258 -00.452 0.591
000000000365 000005 000000011835 211.307 -00.430 0.584
000000000325 000005 000000004098 186.211 -00.678 0.494
000000000325 000005 000000007596 186.181 -00.635 0.494
000000000325 000005 000000009226 186.152 -00.679 0.491
000000000325 000005 000000009338 186.188 -00.686 0.495
000000000325 000005 000000010743 186.239 -00.673 0.494
000000000025 000005 000000000584 150.706 +00.512 0.573
000000000025 000005 000000001808 150.704 +00.549 0.576
000000000025 000005 000000002763 150.764 +00.555 0.578
000000000025 000005 000000004303 150.639 +00.532 0.580
000000000025 000005 000000010870 150.721 +00.514 0.572
000000000018 000005 000000000493 034.928 +00.365 0.537
000000000018 000005 000000005397 035.006 +00.322 0.543
000000000018 000005 000000010183 034.980 +00.370 0.537
000000000018 000005 000000011926 035.016 +00.399 0.540
000000000018 000005 000000013038 034.956 +00.372 0.545
000000000357 000005 000000006618 207.256 -00.341 0.545
000000000357 000005 000000006990 207.258 -00.254 0.549
000000000357 000005 000000009098 207.233 -00.206 0.556
000000000357 000005 000000012146 207.257 -00.325 0.550
000000000357 000005 000000012484 207.250 -00.285 0.549
000000000349 000005 000000005866 224.776 -00.429 0.444
000000000349 000005 000000007020 224.815 -00.474 0.439
000000000349 000005 000000007751 224.754 -00.515 0.442
000000000349 000005 000000009582 224.782 -00.415 0.439
000000000349 000005 000000012434 224.681 -00.507 0.436
000000000340 000005 000000005350 210.342 +00.245 0.474
000000000340 000005 000000005531 210.261 +00.276 0.475
000000000340 000005 000000006747 210.349 +00.287 0.476
000000000340 000005 000000007503 210.306 +00.285 0.474
000000000340 000005 000000012588 210.296 +00.283 0.475
000000000001 000005 000000000020 156.660 -00.292 0.492
000000000001 000005 000000002226 156.661 -00.342 0.486
000000000001 000005 000000003098 156.612 -00.317 0.487
000000000001 000005 000000003268 156.695 -00.251 0.487
000000000001 000005 000000004667 156.626 -00.315 0.486
000000000093 000004 000000004146 142.163 +00.047 0.455
000000000093 000004 000000005088 142.166 +00.042 0.455
000000000093 000004 000000007400 142.159 +00.072 0.458
000000000093 000004 000000009378 142.140 +00.045 0.459
000000000014 000004 000000000295 150.744 -00.795 0.651
000000000014 000004 000000008272 150.728 -00.797 0.651
000000000014 000004 000000010266 150.677 -00.700 0.658
000000000014 000004 000000011431 150.636 -00.646 0.648
000000000218 000004 000000001344 321.023 -00.103 0.503
000000000218 000004 000000002216 321.044 -00.130 0.507
000000000218 000004 000000011221 321.009 -00.087 0.506
000000000218 000004 000000012651 321.024 -00.161 0.505
000000000223 000004 000000001467 187.641 +00.279 0.403
000000000223 000004 000000002573 187.642 +00.247 0.409
000000000223 000004 000000006007 187.628 +00.009 0.402
000000000223 000004 000000012740 187.640 +00.107 0.403
000000000225 000004 000000001499 209.597 +00.051 0.533
000000000225 000004 000000006369 209.538 +00.055 0.534
000000000225 000004 000000007139 209.493 +00.062 0.531
000000000225 000004 000000009217 209.586 +00.058 0.531
000000000220 000004 000000001403 348.251 -00.237 0.584
000000000220 000004 000000007740 348.230 -00.256 0.586
000000000220 000004 000000008977 348.222 -00.251 0.587
000000000220 000004 000000011497 348.257 -00.220 0.591
000000000087 000004 000000003467 014.295 +00.107 0.572
000000000087 000004 000000010297 014.335 +00.113 0.572
000000000087 000004 000000010670 014.389 +00.191 0.572
000000000087 000004 000000012695 014.361 +00.130 0.561
000000000228 000004 000000001534 185.300 -01.045 0.763
000000000228 000004 000000005841 185.165 -00.712 0.767
000000000228 000004 000000005959 185.249 -00.236 0.774
000000000228 000004 000000009747 185.344 -00.428 0.759
000000000230 000004 000000001568 343.642 +00.015 0.578
000000000230 000004 000000001922 343.584 +00.029 0.573
000000000230 000004 000000006454 343.576 +00.014 0.577
000000000230 000004 000000007228 343.592 -00.007 0.577
000000000091 000004 000000003674 167.307 +00.190 0.541
000000000091 000004 000000010043 167.301 +00.197 0.537
000000000091 000004 000000010281 167.286 +00.155 0.540
000000000091 000004 000000010923 167.277 +00.118 0.541
000000000320 000004 000000003993 204.781 -00.545 0.466
000000000320 000004 000000006117 204.893 -00.578 0.465
000000000320 000004 000000006249 204.835 -00.558 0.468
000000000320 000004 000000011588 204.895 -00.560 0.469
000000000234 000004 000000001642 186.336 -00.142 0.472
000000000234 000004 000000005935 186.346 -00.140 0.472
000000000234 000004 000000008833 186.338 -00.142 0.474
000000000234 000004 000000011524 186.385 -00.174 0.459
000000000210 000004 000000001241 218.771 +00.336 0.574
000000000210 000004 000000005873 218.792 +00.296 0.576
000000000210 000004 000000009420 218.834 +00.317 0.574
000000000210 000004 000000012598 218.744 +00.256 0.576
000000000085 000004 000000002169 163.245 +00.679 0.611
000000000085 000004 000000003355 163.146 +00.729 0.623
000000000085 000004 000000005753 163.163 +00.720 0.616
000000000085 000004 000000007456 163.318 +00.630 0.613
000000000241 000004 000000001855 218.288 +00.422 0.453
000000000241 000004 000000006140 218.258 +00.421 0.455
000000000241 000004 000000011144 218.236 +00.396 0.445
000000000241 000004 000000011728 218.247 +00.403 0.453
000000000084 000004 000000003342 139.634 -00.607 0.583
000000000084 000004 000000010253 139.571 -00.586 0.585
000000000084 000004 000000011754 139.663 -00.576 0.582
000000000084 000004 000000012952 139.638 -00.592 0.583
000000000083 000004 000000003341 012.704 +00.555 0.499
000000000083 000004 000000006758 012.748 +00.629 0.499
000000000083 000004 000000010528 012.700 +00.592 0.500
000000000083 000004 000000012696 012.741 +00.624 0.499
000000000350 000004 000000005926 346.342 +00.230 0.627
000000000350 000004 000000006539 346.399 +00.126 0.609
000000000350 000004 000000010620 346.371 +00.105 0.610
000000000350 000004 000000012861 346.315 +00.188 0.614
000000000080 000004 000000003118 141.972 -00.138 0.454
000000000080 000004 000000003632 141.999 -00.165 0.459
000000000080 000004 000000009647 141.962 -00.114 0.459
000000000080 000004 000000012303 141.977 -00.136 0.455
000000000249 000004 000000001967 203.624 +00.357 0.487
000000000249 000004 000000002602 203.650 +00.355 0.482
000000000249 000004 000000003940 203.641 +00.355 0.484
000000000249 000004 000000006434 203.653 +00.357 0.485
000000000358 000004 000000006735 220.232 +00.637 0.542
000000000358 000004 000000008095 220.271 +00.615 0.540
000000000358 000004 000000011604 220.201 +00.676 0.538
000000000358 000004 000000011804 220.317 +00.589 0.541
000000000196 000004 000000000952 321.861 -00.276 0.486
000000000196 000004 000000002927 321.866 -00.261 0.482
000000000196 000004 000000011788 321.857 -00.281 0.481
000000000196 000004 000000011893 321.880 -00.263 0.473
000000000208 000004 000000001226 187.783 -00.658 0.396
000000000208 000004 000000008761 187.940 -00.748 0.384
000000000208 000004 000000008911 187.933 -00.478 0.407
000000000208 000004 000000010019 187.811 -00.528 0.408
000000000103 000004 000000004833 162.197 +00.452 0.482
000000000103 000004 000000005251 162.224 +00.471 0.482
000000000103 000004 000000006106 162.230 +00.465 0.483
000000000103 000004 000000007069 162.270 +00.487 0.481
000000000139 000004 000000000033 224.060 -00.030 0.637
000000000139 000004 000000004820 224.030 -00.099 0.640
000000000139 000004 000000008405 224.073 -00.058 0.637
000000000139 000004 000000011282 224.029 -00.049 0.635
000000000003 000004 000000000026 010.349 +00.282 0.612
000000000003 000004 000000002276 010.337 +00.327 0.610
000000000003 000004 000000004327 010.346 +00.316 0.610
000000000003 000004 000000011227 010.277 +00.246 0.615
000000000138 000004 000000000021 208.807 +00.194 0.675
000000000138 000004 000000004724 208.780 +00.127 0.677
000000000138 000004 000000005857 208.880 +00.165 0.675
000000000138 000004 000000005896 208.815 +00.185 0.677
000000000152 000004 000000000222 321.596 -00.113 0.527
000000000152 000004 000000000978 321.573 -00.087 0.514
000000000152 000004 000000008196 321.581 -00.075 0.528
000000000152 000004 000000011274 321.572 -00.094 0.514
000000000004 000004 000000000031 158.298 +00.584 0.482
000000000004 000004 000000004211 158.391 +00.645 0.484
000000000004 000004 000000005001 158.347 +00.629 0.480
000000000004 000004 000000005611 158.322 +00.619 0.481
000000000006 000004 000000000042 151.936 -00.015 0.465
000000000006 000004 000000002040 151.956 +00.096 0.467
000000000006 000004 000000008018 151.942 +00.050 0.467
000000000006 000004 000000013123 151.944 +00.037 0.468
000000000131 000004 000000008228 009.528 -00.113 0.486
000000000131 000004 000000008421 009.480 -00.124 0.493
000000000131 000004 000000009440 009.481 -00.100 0.492
000000000131 000004 000000013072 009.479 -00.113 0.494
000000000160 000004 000000000286 190.522 +00.533 0.476
000000000160 000004 000000002608 190.473 +00.516 0.479
000000000160 000004 000000003217 190.543 +00.546 0.468
000000000160 000004 000000005918 190.566 +00.499 0.474
000000000162 000004 000000000291 223.292 -00.014 0.572
000000000162 000004 000000010513 223.344 +00.048 0.564
000000000162 000004 000000011288 223.400 -00.007 0.563
000000000162 000004 000000012142 223.334 -00.020 0.562
000000000128 000004 000000007840 138.327 -00.572 0.603
000000000128 000004 000000009256 138.303 -00.614 0.604
000000000128 000004 000000009557 138.301 -00.607 0.610
000000000128 000004 000000010462 138.276 -00.661 0.603
000000000371 000004 000000008620 219.488 -00.285 0.547
000000000371 000004 000000009210 219.541 -00.262 0.541
000000000371 000004 000000011921 219.466 -00.276 0.545
000000000371 000004 000000012185 219.437 -00.226 0.550
000000000370 000004 000000008131 200.003 +00.039 0.505
000000000370 000004 000000008387 200.029 +00.026 0.506
000000000370 000004 000000011067 200.044 +00.069 0.502
000000000370 000004 000000012067 200.053 +00.068 0.503
000000000126 000004 000000007679 141.488 -00.094 0.489
000000000126 000004 000000009267 141.464 -00.066 0.491
000000000126 000004 000000010054 141.438 -00.028 0.492
000000000126 000004 000000012645 141.488 -00.132 0.491
000000000175 000004 000000000505 201.459 +00.201 0.554
000000000175 000004 000000002524 201.560 +00.316 0.546
000000000175 000004 000000005793 201.512 +00.291 0.541
000000000175 000004 000000010907 201.475 +00.256 0.553
000000000176 000004 000000000525 199.566 +00.118 0.503
000000000176 000004 000000006796 199.581 +00.105 0.502
000000000176 000004 000000010081 199.540 +00.092 0.508
000000000176 000004 000000010506 199.561 +00.086 0.507
000000000121 000004 000000006317 137.913 -00.642 0.604
000000000121 000004 000000009091 137.913 -00.680 0.600
000000000121 000004 000000009305 137.871 -00.655 0.602
000000000121 000004 000000010438 137.916 -00.665 0.603
000000000178 000004 000000000588 224.678 +00.060 0.535
000000000178 000004 000000002541 224.667 +00.030 0.533
000000000178 000004 000000007303 224.671 +00.058 0.535
000000000178 000004 000000008656 224.663 +00.055 0.535
000000000120 000004 000000006150 163.886 -00.531 0.532
000000000120 000004 000000010360 163.962 -00.483 0.522
000000000120 000004 000000012563 163.971 -00.488 0.531
000000000120 000004 000000012980 163.922 -00.490 0.532
000000000366 000004 000000007618 342.295 -00.183 0.505
000000000366 000004 000000007648 342.372 -00.202 0.512
000000000366 000004 000000009240 342.363 -00.187 0.512
000000000366 000004 000000009978 342.321 -00.179 0.511
000000000185 000004 000000000679 219.091 -00.073 0.466
000000000185 000004 000000005572 219.097 -00.077 0.462
000000000185 000004 000000006037 219.075 -00.068 0.464
000000000185 000004 000000011867 219.091 -00.063 0.463
000000000187 000004 000000000768 199.854 -00.017 0.473
000000000187 000004 000000003934 199.878 -00.073 0.473
000000000187 000004 000000010099 199.912 -00.013 0.474
000000000187 000004 000000011114 199.904 -00.039 0.486
000000000009 000004 000000000147 153.178 -00.663 0.477
000000000009 000004 000000000396 153.147 -00.726 0.479
000000000009 000004 000000000898 153.167 -00.699 0.477
000000000009 000004 000000002533 153.172 -00.704 0.475
000000000113 000004 000000005151 160.106 +00.620 0.554
000000000113 000004 000000005198 160.055 +00.609 0.541
000000000113 000004 000000007197 160.079 +00.554 0.547
000000000113 000004 000000012168 160.056 +00.615 0.538
000000000193 000004 000000000901 322.435 -00.542 0.471
000000000193 000004 000000005635 322.391 -00.537 0.474
000000000193 000004 000000010191 322.438 -00.518 0.475
000000000193 000004 000000012510 322.369 -00.529 0.473
000000000110 000004 000000001264 015.535 -00.824 0.640
000000000110 000004 000000005058 015.312 -00.825 0.642
000000000110 000004 000000009023 015.466 -00.730 0.638
000000000110 000004 000000011072 015.361 -00.726 0.640
000000000079 000004 000000003035 010.638 -00.370 0.746
000000000079 000004 000000003296 010.510 -00.268 0.744
000000000079 000004 000000006575 010.323 -00.176 0.741
000000000079 000004 000000011070 010.177 -00.229 0.747
000000000198 000004 000000000975 186.557 -00.559 0.491
000000000198 000004 000000001527 186.576 -00.618 0.491
000000000198 000004 000000006975 186.561 -00.598 0.491
000000000198 000004 000000012464 186.571 -00.602 0.492
000000000250 000004 000000001974 219.394 +00.238 0.638
000000000250 000004 000000003754 219.310 +00.146 0.632
000000000250 000004 000000012248 219.431 +00.177 0.626
000000000250 000004 000000012877 219.352 +00.139 0.641
000000000321 000004 000000004030 321.647 -00.499 0.473
000000000321 000004 000000005371 321.651 -00.469 0.474
000000000321 000004 000000008627 321.646 -00.518 0.471
000000000321 000004 000000010052 321.628 -00.491 0.471
000000000024 000004 000000000563 013.305 -00.961 0.534
000000000024 000004 000000002093 013.344 -00.967 0.533
000000000024 000004 000000006998 013.407 -00.959 0.539
000000000024 000004 000000008166 013.396 -00.961 0.542
000000000054 000004 000000001850 156.494 -00.139 0.459
000000000054 000004 000000002290 156.437 -00.054 0.454
000000000054 000004 000000010497 156.475 -00.126 0.459
000000000054 000004 000000011255 156.422 -00.094 0.453
000000000271 000004 000000002539 191.624 -00.533 0.449
000000000271 000004 000000004363 191.741 -00.512 0.448
000000000271 000004 000000004595 191.733 -00.538 0.451
000000000271 000004 000000006023 191.697 -00.515 0.448
000000000021 000004 000000000531 150.586 +00.180 0.491
000000000021 000004 000000001769 150.551 +00.185 0.491
000000000021 000004 000000008938 150.567 +00.188 0.492
000000000021 000004 000000011111 150.572 +00.219 0.495
000000000053 000004 000000001839 165.135 -00.123 0.498
000000000053 000004 000000007511 165.090 -00.112 0.500
000000000053 000004 000000007897 165.060 -00.138 0.498
000000000053 000004 000000009195 165.053 -00.144 0.500
000000000324 000004 000000004092 342.513 -00.645 0.482
000000000324 000004 000000005745 342.442 -00.727 0.479
000000000324 000004 000000007850 342.477 -00.688 0.483
000000000324 000004 000000008636 342.515 -00.714 0.484
000000000045 000004 000000001334 160.859 -00.296 0.524
000000000045 000004 000000005965 160.859 -00.307 0.524
000000000045 000004 000000006123 160.848 -00.334 0.523
000000000045 000004 000000011522 160.885 -00.249 0.526
000000000033 000004 000000000917 185.588 -01.196 0.494
000000000033 000004 000000002418 185.622 -01.119 0.490
000000000033 000004 000000004195 185.601 -01.155 0.496
000000000033 000004 000000004209 185.603 -01.164 0.494
000000000326 000004 000000004100 210.773 -00.478 0.581
000000000326 000004 000000004112 210.788 -00.539 0.587
000000000326 000004 000000009280 210.844 -00.557 0.586
000000000326 000004 000000009670 210.893 -00.552 0.585
000000000278 000004 000000002819 224.919 -00.300 0.558
000000000278 000004 000000006252 224.923 -00.344 0.563
000000000278 000004 000000007828 224.911 -00.302 0.560
000000000278 000004 000000009903 224.936 -00.302 0.568
000000000047 000004 000000001450 139.702 -00.240 0.458
000000000047 000004 000000002726 139.675 -00.193 0.458
000000000047 000004 000000003065 139.710 -00.256 0.455
000000000047 000004 000000009642 139.732 -00.274 0.466
000000000328 000004 000000004342 204.203 +00.342 0.742
000000000328 000004 000000004710 204.294 +00.183 0.738
000000000328 000004 000000008229 204.323 +00.397 0.752
000000000328 000004 000000011202 204.235 +00.155 0.728
000000000279 000004 000000002838 223.079 +00.174 0.592
000000000279 000004 000000004493 223.086 +00.155 0.592
000000000279 000004 000000005218 223.077 +00.125 0.589
000000000279 000004 000000010697 223.084 +00.064 0.587
000000000062 000004 000000002312 152.286 -00.007 0.529
000000000062 000004 000000004432 152.295 -00.005 0.527
000000000062 000004 000000008199 152.278 -00.004 0.524
000000000062 000004 000000010141 152.294 -00.020 0.513
000000000034 000004 000000000956 167.266 -00.004 0.535
000000000034 000004 000000002688 167.275 -00.042 0.535
000000000034 000004 000000003518 167.238 -00.001 0.534
000000000034 000004 000000010015 167.242 +00.010 0.536
000000000281 000004 000000002848 204.960 -00.413 0.435
000000000281 000004 000000004695 205.059 -00.403 0.446
000000000281 000004 000000008597 205.140 -00.328 0.456
000000000281 000004 000000010338 205.131 -00.329 0.456
000000000283 000004 000000002883 190.556 +00.375 0.463
000000000283 000004 000000005656 190.593 +00.392 0.463
000000000283 000004 000000009983 190.551 +00.362 0.468
000000000283 000004 000000011839 190.556 +00.395 0.464
000000000270 000004 000000002485 198.928 -00.416 0.512
000000000270 000004 000000003649 198.918 -00.402 0.511
000000000270 000004 000000006765 198.890 -00.370 0.513
000000000270 000004 000000009448 198.940 -00.420 0.512
000000000060 000004 000000002232 185.511 +00.187 0.458
000000000060 000004 000000003821 185.538 +00.179 0.458
000000000060 000004 000000009318 185.488 +00.137 0.461
000000000060 000004 000000010101 185.482 +00.125 0.458
000000000023 000004 000000000545 167.354 +00.252 0.530
000000000023 000004 000000001008 167.408 +00.233 0.542
000000000023 000004 000000002520 167.364 +00.215 0.527
000000000023 000004 000000008521 167.400 +00.247 0.530
000000000077 000004 000000002924 156.015 +00.640 0.449
000000000077 000004 000000003998 155.961 +00.615 0.448
000000000077 000004 000000004463 156.005 +00.642 0.447
000000000077 000004 000000005356 155.982 +00.668 0.449
000000000267 000004 000000002394 218.914 -00.105 0.543
000000000267 000004 000000003187 218.918 -00.143 0.543
000000000267 000004 000000006670 218.945 -00.186 0.543
000000000267 000004 000000009361 218.956 -00.101 0.555
000000000037 000004 000000001049 161.865 -00.378 0.602
000000000037 000004 000000002764 161.963 -00.381 0.602
000000000037 000004 000000010547 161.849 -00.418 0.605
000000000037 000004 000000012105 161.899 -00.391 0.605
000000000266 000004 000000002369 207.915 +00.405 0.455
000000000266 000004 000000003591 207.819 +00.400 0.454
000000000266 000004 000000003684 207.903 +00.416 0.457
000000000266 000004 000000008265 207.886 +00.391 0.455
000000000319 000004 000000003972 321.480 -00.533 0.476
000000000319 000004 000000007474 321.495 -00.576 0.479
000000000319 000004 000000007796 321.498 -00.548 0.465
000000000319 000004 000000012357 321.493 -00.533 0.467
000000000291 000004 000000003046 191.172 -00.098 0.576
000000000291 000004 000000006938 191.142 -00.053 0.581
000000000291 000004 000000008313 191.178 -00.097 0.575
000000000291 000004 000000012405 191.141 -00.041 0.568
000000000290 000004 000000003026 222.801 +00.055 0.558
000000000290 000004 000000005053 222.798 +00.057 0.559
000000000290 000004 000000007611 222.736 +00.091 0.558
000000000290 000004 000000011834 222.767 +00.080 0.558
000000000072 000004 000000002817 152.219 -00.786 0.616
000000000072 000004 000000003701 152.369 -00.663 0.613
000000000072 000004 000000011709 152.312 -00.679 0.613
000000000072 000004 000000011987 152.256 -00.743 0.614
000000000036 000004 000000000990 010.806 +00.385 0.525
000000000036 000004 000000005818 010.806 +00.412 0.526
000000000036 000004 000000006783 010.783 +00.377 0.527
000000000036 000004 000000010609 010.760 +00.385 0.528
000000000142 000004 000000000074 345.572 +00.334 0.517
000000000142 000004 000000003551 345.543 +00.302 0.518
000000000142 000004 000000007026 345.496 +00.290 0.520
000000000142 000004 000000010855 345.580 +00.386 0.516
000000000074 000004 000000002868 034.518 -00.693 0.675
000000000074 000004 000000005713 034.682 -00.649 0.672
000000000074 000004 000000007619 034.581 -00.700 0.675
000000000074 000004 000000012754 034.549 -00.574 0.675
000000000116 000003 000000005294 150.310 +00.189 0.497
000000000116 000003 000000006780 150.309 +00.140 0.492
000000000116 000003 000000011441 150.327 +00.188 0.479
000000000032 000003 000000000856 010.350 -00.334 0.463
000000000032 000003 000000002212 010.366 -00.356 0.459
000000000032 000003 000000007675 010.335 -00.316 0.457
000000000123 000003 000000006887 166.376 -00.398 0.505
000000000123 000003 000000008217 166.418 -00.416 0.507
000000000123 000003 000000013003 166.334 -00.414 0.505
000000000055 000003 000000001934 124.372 -00.445 0.463
000000000055 000003 000000002635 124.350 -00.452 0.451
000000000055 000003 000000008630 124.376 -00.484 0.461
000000000122 000003 000000006331 154.177 +00.030 0.501
000000000122 000003 000000006960 154.200 +00.039 0.503
000000000122 000003 000000010166 154.166 +00.025 0.501
000000000050 000003 000000001672 152.508 -00.599 0.475
000000000050 000003 000000006163 152.522 -00.598 0.476
000000000050 000003 000000006894 152.495 -00.589 0.475
000000000117 000003 000000005311 155.341 -00.857 0.517
000000000117 000003 000000006638 155.313 -00.918 0.517
000000000117 000003 000000007396 155.312 -00.860 0.517
000000000118 000003 000000005806 141.906 -00.238 0.458
000000000118 000003 000000008429 141.894 -00.255 0.459
000000000118 000003 000000012223 141.924 -00.199 0.456
000000000052 000003 000000001791 163.346 -00.954 0.558
000000000052 000003 000000007179 163.427 -00.935 0.569
000000000052 000003 000000008161 163.369 -00.944 0.560
000000000119 000003 000000006035 010.310 +00.190 0.515
000000000119 000003 000000006419 010.308 +00.117 0.516
000000000119 000003 000000010168 010.295 +00.147 0.515
000000000124 000003 000000007106 162.591 -00.805 0.474
000000000124 000003 000000007583 162.596 -00.784 0.457
000000000124 000003 000000013094 162.621 -00.801 0.461
000000000008 000003 000000000144 013.197 -00.157 0.631
000000000008 000003 000000009966 013.237 -00.176 0.618
000000000008 000003 000000010616 013.231 -00.158 0.610
000000000127 000003 000000007681 152.657 -00.489 0.522
000000000127 000003 000000008302 152.668 -00.470 0.524
000000000127 000003 000000009929 152.642 -00.489 0.518
000000000125 000003 000000007386 158.916 -00.397 0.545
000000000125 000003 000000010847 158.944 -00.433 0.539
000000000125 000003 000000010934 158.880 -00.416 0.558
000000000043 000003 000000001256 154.218 -00.877 0.532
000000000043 000003 000000002251 154.229 -00.847 0.545
000000000043 000003 000000009403 154.232 -00.845 0.542
000000000002 000003 000000000025 185.180 -00.509 0.684
000000000002 000003 000000003227 185.124 -00.631 0.687
000000000002 000003 000000009497 185.145 -00.435 0.680
000000000038 000003 000000001070 167.860 -00.481 0.556
000000000038 000003 000000005933 167.827 -00.519 0.558
000000000038 000003 000000010800 167.840 -00.541 0.558
000000000039 000003 000000001107 009.153 -00.580 0.656
000000000039 000003 000000004243 009.028 -00.593 0.664
000000000039 000003 000000011927 009.082 -00.611 0.662
000000000040 000003 000000001162 012.035 +00.587 0.575
000000000040 000003 000000003354 011.988 +00.628 0.577
000000000040 000003 000000010326 011.986 +00.562 0.578
000000000137 000003 000000000002 326.465 -00.668 0.599
000000000137 000003 000000009331 326.498 -00.724 0.597
000000000137 000003 000000010464 326.438 -00.680 0.598
000000000136 000003 000000009619 162.075 -00.404 0.601
000000000136 000003 000000011373 162.132 -00.430 0.599
000000000136 000003 000000013118 162.057 -00.396 0.598
000000000135 000003 000000003753 155.404 -00.388 0.607
000000000135 000003 000000009500 155.454 -00.319 0.619
000000000135 000003 000000010273 155.373 -00.297 0.620
000000000134 000003 000000009057 162.648 +00.518 0.484
000000000134 000003 000000010020 162.634 +00.513 0.479
000000000134 000003 000000012658 162.701 +00.519 0.483
000000000048 000003 000000001617 137.780 +00.048 0.512
000000000048 000003 000000004287 137.810 +00.034 0.511
000000000048 000003 000000004888 137.746 +00.061 0.511
000000000133 000003 000000008909 012.221 -01.012 0.732
000000000133 000003 000000009856 012.100 -00.933 0.725
000000000133 000003 000000010150 012.090 -00.860 0.723
000000000132 000003 000000008874 158.762 -00.161 0.457
000000000132 000003 000000011843 158.737 -00.168 0.456
000000000132 000003 000000012545 158.710 -00.112 0.460
000000000130 000003 000000008222 035.292 -00.477 0.475
000000000130 000003 000000009890 035.296 -00.447 0.475
000000000130 000003 000000012182 035.289 -00.430 0.477
000000000129 000003 000000008059 036.368 -00.764 0.596
000000000129 000003 000000008439 036.295 -00.732 0.584
000000000129 000003 000000008881 036.326 -00.744 0.584
000000000035 000003 000000000964 151.672 -00.219 0.447
000000000035 000003 000000002024 151.709 -00.164 0.449
000000000035 000003 000000007953 151.668 -00.230 0.450
000000000057 000003 000000002056 138.174 +00.267 0.603
000000000057 000003 000000002636 138.149 +00.266 0.605
000000000057 000003 000000007136 138.184 +00.196 0.614
000000000046 000003 000000001389 035.079 -00.620 0.585
000000000046 000003 000000004897 035.053 -00.646 0.590
000000000046 000003 000000006551 035.028 -00.689 0.584
000000000030 000003 000000000743 150.214 +00.268 0.498
000000000030 000003 000000007629 150.241 +00.240 0.496
000000000030 000003 000000007921 150.190 +00.282 0.494
000000000017 000003 000000000482 150.360 -00.322 0.520
000000000017 000003 000000001728 150.394 -00.313 0.528
000000000017 000003 000000008205 150.362 -00.334 0.520
000000000115 000003 000000005264 151.139 +00.223 0.516
000000000115 000003 000000010471 151.137 +00.224 0.516
000000000115 000003 000000012411 151.145 +00.210 0.517
000000000058 000003 000000002072 185.130 +00.186 0.384
000000000058 000003 000000004898 185.120 +00.182 0.385
000000000058 000003 000000009228 185.035 +00.147 0.383
000000000095 000003 000000004511 015.093 +00.247 0.488
000000000095 000003 000000007879 015.141 +00.231 0.487
000000000095 000003 000000010712 015.125 +00.237 0.491
000000000094 000003 000000004254 157.544 +00.291 0.528
000000000094 000003 000000005062 157.573 +00.281 0.531
000000000094 000003 000000010373 157.595 +00.298 0.529
000000000064 000003 000000002371 156.636 -00.517 0.568
000000000064 000003 000000003194 156.602 -00.524 0.570
000000000064 000003 000000011653 156.628 -00.536 0.570
000000000065 000003 000000002413 151.921 +00.124 0.524
000000000065 000003 000000003386 151.941 +00.145 0.531
000000000065 000003 000000012709 151.949 +00.170 0.533
000000000066 000003 000000002451 185.448 +00.305 0.458
000000000066 000003 000000004301 185.449 +00.292 0.460
000000000066 000003 000000007004 185.460 +00.362 0.460
000000000015 000003 000000000342 150.768 -00.598 0.551
000000000015 000003 000000004379 150.775 -00.549 0.549
000000000015 000003 000000007347 150.812 -00.509 0.540
000000000092 000003 000000003713 156.687 -00.365 0.435
000000000092 000003 000000003982 156.685 -00.350 0.433
000000000092 000003 000000006267 156.678 -00.280 0.433
000000000067 000003 000000002493 036.419 -00.126 0.445
000000000067 000003 000000008213 036.330 -00.103 0.445
000000000067 000003 000000010838 036.399 -00.100 0.447
000000000068 000003 000000002559 165.960 -00.828 0.463
000000000068 000003 000000003385 165.953 -00.868 0.466
000000000068 000003 000000008541 165.918 -00.905 0.464
000000000016 000003 000000000410 153.292 -00.203 0.556
000000000016 000003 000000009347 153.284 -00.151 0.564
000000000016 000003 000000011732 153.286 -00.194 0.572
000000000088 000003 000000003489 142.209 -00.041 0.450
000000000088 000003 000000004620 142.181 -00.037 0.455
000000000088 000003 000000004901 142.204 -00.038 0.454
000000000086 000003 000000003435 151.749 -00.515 0.470
000000000086 000003 000000009851 151.739 -00.518 0.471
000000000086 000003 000000012127 151.753 -00.516 0.472
000000000069 000003 000000002637 013.655 +00.410 0.550
000000000069 000003 000000007789 013.655 +00.398 0.547
000000000069 000003 000000011368 013.626 +00.350 0.556
000000000071 000003 000000002766 142.689 +00.421 0.580
000000000071 000003 000000006588 142.657 +00.430 0.580
000000000071 000003 000000012747 142.708 +00.451 0.583
000000000019 000003 000000000510 033.946 +00.549 0.747
000000000019 000003 000000011078 033.827 +00.522 0.749
000000000019 000003 000000012758 034.012 +00.461 0.751
000000000082 000003 000000003282 152.557 -00.097 0.510
000000000082 000003 000000004387 152.565 -00.108 0.509
000000000082 000003 000000007419 152.506 -00.078 0.510
000000000081 000003 000000003159 140.763 +00.434 0.552
000000000081 000003 000000004052 140.766 +00.462 0.553
000000000081 000003 000000005830 140.759 +00.430 0.553
000000000075 000003 000000002872 034.466 -00.583 0.517
000000000075 000003 000000003612 034.529 -00.603 0.510
000000000075 000003 000000009826 034.523 -00.584 0.512
000000000076 000003 000000002876 140.802 +00.052 0.521
000000000076 000003 000000010122 140.801 +00.065 0.527
000000000076 000003 000000011657 140.802 +00.059 0.524
000000000022 000003 000000000535 140.475 +00.095 0.498
000000000022 000003 000000003419 140.483 +00.090 0.495
000000000022 000003 000000011240 140.478 +00.093 0.497
000000000063 000003 000000002353 150.592 -00.687 0.569
000000000063 000003 000000007418 150.549 -00.706 0.567
000000000063 000003 000000009651 150.555 -00.743 0.566
000000000096 000003 000000004560 157.633 -00.017 0.493
000000000096 000003 000000007758 157.627 -00.027 0.491
000000000096 000003 000000009658 157.632 -00.045 0.488
000000000108 000003 000000004994 152.986 +00.360 0.517
000000000108 000003 000000006217 153.037 +00.351 0.517
000000000108 000003 000000010435 153.039 +00.371 0.505
000000000112 000003 000000005102 156.138 +00.373 0.488
000000000112 000003 000000007895 156.175 +00.388 0.500
000000000112 000003 000000008851 156.192 +00.348 0.500
000000000027 000003 000000000359 033.197 +00.245 0.753
000000000027 000003 000000000613 033.414 +00.064 0.746
000000000027 000003 000000003803 033.431 +00.004 0.747
000000000111 000003 000000005079 009.767 -00.061 0.541
000000000111 000003 000000006413 009.770 -00.024 0.528
000000000111 000003 000000010125 009.829 -00.050 0.552
000000000026 000003 000000000594 141.480 -00.488 0.465
000000000026 000003 000000008991 141.450 -00.495 0.468
000000000026 000003 000000009344 141.471 -00.509 0.463
000000000078 000003 000000003025 185.370 -00.500 0.640
000000000078 000003 000000003530 185.356 -00.447 0.640
000000000078 000003 000000012867 185.395 -00.609 0.643
000000000010 000003 000000000154 162.537 +00.055 0.588
000000000010 000003 000000005962 162.513 +00.011 0.585
000000000010 000003 000000008090 162.516 +00.007 0.580
000000000109 000003 000000005055 152.261 -00.023 0.421
000000000109 000003 000000005917 152.268 -00.081 0.420
000000000109 000003 000000008298 152.198 -00.044 0.424
000000000011 000003 000000000157 159.644 -01.078 0.556
000000000011 000003 000000003804 159.723 -01.022 0.557
000000000011 000003 000000012509 159.682 -01.063 0.561
000000000107 000003 000000004978 011.189 -00.555 0.745
000000000107 000003 000000006080 011.128 -00.542 0.756
000000000107 000003 000000008964 011.002 -00.383 0.748
000000000097 000003 000000004621 156.738 -00.665 0.569
000000000097 000003 000000007742 156.742 -00.682 0.573
000000000097 000003 000000012978 156.742 -00.678 0.565
000000000106 000003 000000004927 009.567 +00.500 0.556
000000000106 000003 000000006940 009.499 +00.442 0.555
000000000106 000003 000000008431 009.529 +00.485 0.557
000000000105 000003 000000004885 163.469 -00.063 0.504
000000000105 000003 000000009200 163.507 -00.114 0.487
000000000105 000003 000000012746 163.464 -00.096 0.496
000000000104 000003 000000004876 013.721 +00.296 0.545
000000000104 000003 000000008122 013.668 +00.299 0.545
000000000104 000003 000000010119 013.728 +00.317 0.545
000000000012 000003 000000000258 035.747 +00.700 0.482
000000000012 000003 000000003396 035.752 +00.661 0.481
000000000012 000003 000000004180 035.757 +00.723 0.492
000000000101 000003 000000004827 153.027 -00.623 0.465
000000000101 000003 000000008346 153.037 -00.622 0.477
000000000101 000003 000000008748 153.011 -00.673 0.466
000000000100 000003 000000004788 010.780 -00.029 0.467
000000000100 000003 000000007514 010.817 -00.031 0.465
000000000100 000003 000000009339 010.816 +00.016 0.469
000000000099 000003 000000004680 154.048 +00.114 0.465
000000000099 000003 000000011540 154.051 +00.104 0.466
000000000099 000003 000000012268 154.043 +00.081 0.461
000000000098 000003 000000004679 163.980 -00.339 0.526
000000000098 000003 000000010260 164.003 -00.328 0.526
000000000098 000003 000000012152 164.053 -00.306 0.526
000000000090 000003 000000003622 151.961 -00.009 0.585
000000000090 000003 000000008827 151.998 -00.027 0.584
000000000090 000003 000000010523 152.000 -00.022 0.584
000000000379 000003 000000010776 199.727 -00.618 0.493
000000000379 000003 000000011458 199.771 -00.565 0.494
000000000379 000003 000000013121 199.755 -00.581 0.494
000000000143 000003 000000000093 348.291 -00.794 0.567
000000000143 000003 000000000215 348.293 -00.750 0.567
000000000143 000003 000000013055 348.321 -00.733 0.565
000000000311 000003 000000003757 321.165 +00.076 0.515
000000000311 000003 000000003798 321.212 +00.099 0.513
000000000311 000003 000000004818 321.215 +00.098 0.513
000000000302 000003 000000003457 189.587 -00.351 0.618
000000000302 000003 000000004436 189.680 -00.326 0.617
000000000302 000003 000000007415 189.671 -00.360 0.618
000000000303 000003 000000003463 222.006 -00.644 0.531
000000000303 000003 000000003957 221.995 -00.603 0.533
000000000303 000003 000000008582 222.014 -00.633 0.531
000000000304 000003 000000000055 342.931 -00.344 0.598
000000000304 000003 000000003465 343.022 -00.220 0.614
000000000304 000003 000000011600 342.995 -00.298 0.600
000000000306 000003 000000003512 343.301 +00.439 0.407
000000000306 000003 000000007776 343.187 +00.442 0.409
000000000306 000003 000000010126 343.253 +00.493 0.408
000000000307 000003 000000003542 205.700 -00.253 0.544
000000000307 000003 000000008280 205.677 -00.242 0.544
000000000307 000003 000000008861 205.662 -00.236 0.544
000000000310 000003 000000003711 221.393 -00.586 0.538
000000000310 000003 000000005046 221.371 -00.580 0.527
000000000310 000003 000000011593 221.423 -00.569 0.536
000000000313 000003 000000003783 203.842 +00.329 0.482
000000000313 000003 000000005526 203.846 +00.387 0.487
000000000313 000003 000000010819 203.820 +00.371 0.486
000000000300 000003 000000003374 204.531 -00.198 0.464
000000000300 000003 000000008132 204.563 -00.223 0.474
000000000300 000003 000000009991 204.516 -00.138 0.475
000000000314 000003 000000003800 203.978 -00.010 0.477
000000000314 000003 000000005947 203.935 -00.022 0.476
000000000314 000003 000000006356 203.895 +00.008 0.477
000000000315 000003 000000003853 326.393 -00.515 0.548
000000000315 000003 000000010234 326.443 -00.520 0.541
000000000315 000003 000000010678 326.460 -00.492 0.537
000000000316 000003 000000003862 325.305 +00.210 0.494
000000000316 000003 000000007579 325.294 +00.175 0.495
000000000316 000003 000000011699 325.270 +00.148 0.495
000000000317 000003 000000003908 224.804 -00.702 0.435
000000000317 000003 000000009223 224.807 -00.691 0.436
000000000317 000003 000000012115 224.828 -00.735 0.438
000000000318 000003 000000003936 213.840 -00.714 0.377
000000000318 000003 000000004150 213.813 -00.526 0.379
000000000318 000003 000000009897 213.714 -00.440 0.379
000000000322 000003 000000004054 226.086 -00.450 0.536
000000000322 000003 000000004222 226.102 -00.473 0.540
000000000322 000003 000000004713 226.089 -00.465 0.537
000000000301 000003 000000003393 220.428 +00.529 0.563
000000000301 000003 000000003504 220.415 +00.541 0.563
000000000301 000003 000000011395 220.402 +00.552 0.560
000000000299 000003 000000003333 204.963 -00.733 0.463
000000000299 000003 000000008672 204.965 -00.679 0.466
000000000299 000003 000000008810 205.005 -00.653 0.470
000000000327 000003 000000004262 222.484 -00.506 0.554
000000000327 000003 000000004275 222.476 -00.498 0.554
000000000327 000003 000000010799 222.503 -00.523 0.556
000000000280 000003 000000002841 199.911 +00.142 0.504
000000000280 000003 000000002861 199.891 +00.129 0.506
000000000280 000003 000000006036 199.896 +00.193 0.507
000000000268 000003 000000002436 343.919 -00.340 0.546
000000000268 000003 000000010645 343.918 -00.303 0.551
000000000268 000003 000000012680 343.916 -00.369 0.553
000000000269 000003 000000002482 229.129 -00.851 0.655
000000000269 000003 000000003462 228.978 -00.837 0.637
000000000269 000003 000000008673 229.089 -00.827 0.651
000000000273 000003 000000002611 319.969 -00.956 0.540
000000000273 000003 000000005809 319.938 -00.966 0.540
000000000273 000003 000000010915 319.937 -00.996 0.543
000000000274 000003 000000002620 212.774 -00.571 0.417
000000000274 000003 000000002718 212.740 -00.517 0.427
000000000274 000003 000000007822 212.737 -00.605 0.411
000000000275 000003 000000002704 185.696 +00.400 0.456
000000000275 000003 000000009894 185.697 +00.398 0.455
000000000275 000003 000000011637 185.698 +00.401 0.462
000000000277 000003 000000002772 188.830 +00.064 0.503
000000000277 000003 000000004544 188.845 +00.062 0.511
000000000277 000003 000000010449 188.838 +00.042 0.504
000000000284 000003 000000002920 205.718 -00.320 0.604
000000000284 000003 000000007930 205.738 -00.403 0.601
000000000284 000003 000000012218 205.639 -00.323 0.603
000000000298 000003 000000003277 189.074 +00.133 0.499
000000000298 000003 000000006395 189.091 +00.160 0.499
000000000298 000003 000000007529 189.140 +00.163 0.492
000000000285 000003 000000002922 202.201 -00.391 0.662
000000000285 000003 000000006578 202.131 -00.331 0.657
000000000285 000003 000000007455 201.994 -00.303 0.655
000000000288 000003 000000003015 207.753 -00.587 0.519
000000000288 000003 000000006797 207.743 -00.609 0.522
000000000288 000003 000000011065 207.761 -00.620 0.525
000000000293 000003 000000003106 219.058 -00.200 0.625
000000000293 000003 000000007298 219.116 -00.199 0.623
000000000293 000003 000000012853 219.162 -00.166 0.624
000000000294 000003 000000003121 326.813 -00.144 0.517
000000000294 000003 000000005587 326.798 -00.162 0.516
000000000294 000003 000000009447 326.844 -00.115 0.513
000000000295 000003 000000003128 199.247 +00.195 0.522
000000000295 000003 000000006517 199.226 +00.255 0.530
000000000295 000003 000000010160 199.205 +00.201 0.523
000000000297 000003 000000003185 211.641 -00.484 0.542
000000000297 000003 000000003607 211.672 -00.515 0.541
000000000297 000003 000000004863 211.604 -00.523 0.543
000000000323 000003 000000004090 190.465 -00.081 0.525
000000000323 000003 000000008446 190.469 -00.052 0.520
000000000323 000003 000000009527 190.466 -00.025 0.521
000000000329 000003 000000004554 192.547 -00.218 0.522
000000000329 000003 000000010282 192.597 -00.243 0.527
000000000329 000003 000000011796 192.602 -00.291 0.528
000000000145 000003 000000000116 205.219 -00.440 0.442
000000000145 000003 000000002843 205.215 -00.454 0.443
000000000145 000003 000000013053 205.300 -00.457 0.444
000000000367 000003 000000007707 221.944 -00.916 0.527
000000000367 000003 000000008896 221.961 -00.977 0.513
000000000367 000003 000000012909 221.976 -00.955 0.526
000000000356 000003 000000006137 203.522 +00.309 0.477
000000000356 000003 000000008264 203.530 +00.363 0.473
000000000356 000003 000000011543 203.537 +00.335 0.472
000000000359 000003 000000006757 188.814 -00.619 0.509
000000000359 000003 000000008412 188.791 -00.668 0.504
000000000359 000003 000000010402 188.805 -00.666 0.505
000000000360 000003 000000000467 322.140 -00.773 0.596
000000000360 000003 000000006799 322.178 -00.846 0.606
000000000360 000003 000000006814 322.199 -00.808 0.614
000000000361 000003 000000006807 211.502 -00.773 0.561
000000000361 000003 000000008442 211.500 -00.772 0.560
000000000361 000003 000000009028 211.483 -00.733 0.562
000000000362 000003 000000006886 191.637 -00.303 0.484
000000000362 000003 000000011563 191.640 -00.279 0.486
000000000362 000003 000000012188 191.637 -00.263 0.486
000000000364 000003 000000007036 202.453 +00.299 0.504
000000000364 000003 000000010515 202.442 +00.338 0.510
000000000364 000003 000000011043 202.445 +00.293 0.505
000000000369 000003 000000007817 219.754 -00.529 0.543
000000000369 000003 000000009093 219.785 -00.527 0.543
000000000369 000003 000000011603 219.756 -00.528 0.539
000000000353 000003 000000005978 209.850 +00.082 0.530
000000000353 000003 000000009198 209.893 +00.077 0.534
000000000353 000003 000000009282 209.903 +00.070 0.533
000000000372 000003 000000009183 205.481 -00.482 0.416
000000000372 000003 000000010090 205.492 -00.434 0.416
000000000372 000003 000000010899 205.543 -00.507 0.421
000000000373 000003 000000009435 203.086 -00.120 0.471
000000000373 000003 000000011844 203.086 -00.058 0.465
000000000373 000003 000000012392 203.085 -00.105 0.475
000000000374 000003 000000009714 222.052 +00.228 0.443
000000000374 000003 000000010754 222.063 +00.210 0.443
000000000374 000003 000000013023 222.044 +00.248 0.442
000000000375 000003 000000010304 321.415 -00.448 0.753
000000000375 000003 000000011195 321.481 -00.638 0.747
000000000375 000003 000000011307 321.627 -00.696 0.747
000000000376 000003 000000010320 350.623 +00.405 0.478
000000000376 000003 000000010832 350.649 +00.398 0.481
000000000376 000003 000000012493 350.696 +00.381 0.481
000000000377 000003 000000010498 203.682 +00.228 0.520
000000000377 000003 000000011768 203.676 +00.189 0.521
000000000377 000003 000000013047 203.676 +00.145 0.521
000000000354 000003 000000005996 202.395 +00.007 0.491
000000000354 000003 000000008709 202.360 -00.009 0.491
000000000354 000003 000000009015 202.372 +00.014 0.493
000000000348 000003 000000005860 185.707 +00.112 0.457
000000000348 000003 000000007463 185.710 +00.146 0.459
000000000348 000003 000000010031 185.742 +00.179 0.458
000000000330 000003 000000004578 323.317 -00.206 0.461
000000000330 000003 000000004649 323.304 -00.153 0.464
000000000330 000003 000000011780 323.269 -00.183 0.462
000000000337 000003 000000005169 325.299 -00.626 0.584
000000000337 000003 000000005648 325.262 -00.623 0.584
000000000337 000003 000000006679 325.312 -00.608 0.585
000000000331 000003 000000004734 203.915 +00.690 0.660
000000000331 000003 000000005767 203.995 +00.568 0.672
000000000331 000003 000000009251 203.996 +00.574 0.670
000000000332 000003 000000004870 218.124 +00.030 0.547
000000000332 000003 000000007839 218.126 +00.042 0.547
000000000332 000003 000000012518 218.120 +00.028 0.550
000000000333 000003 000000004895 204.647 +00.303 0.456
000000000333 000003 000000008945 204.599 +00.262 0.461
000000000333 000003 000000009568 204.554 +00.257 0.461
000000000334 000003 000000004929 187.259 +00.631 0.578
000000000334 000003 000000005693 187.270 +00.643 0.580
000000000334 000003 000000007120 187.269 +00.608 0.576
000000000335 000003 000000005006 201.899 -00.749 0.572
000000000335 000003 000000009643 201.932 -00.775 0.583
000000000335 000003 000000012686 201.956 -00.774 0.576
000000000336 000003 000000005120 351.878 +00.004 0.419
000000000336 000003 000000010942 351.908 -00.037 0.418
000000000336 000003 000000011386 351.878 +00.002 0.417
000000000338 000003 000000005208 205.845 +00.047 0.519
000000000338 000003 000000006706 205.788 +00.024 0.531
000000000338 000003 000000011493 205.793 +00.058 0.531
000000000347 000003 000000005853 225.468 -00.802 0.657
000000000347 000003 000000007330 225.467 -00.766 0.660
000000000347 000003 000000009067 225.385 -00.870 0.645
000000000339 000003 000000005227 199.189 +00.266 0.502
000000000339 000003 000000005813 199.215 +00.271 0.503
000000000339 000003 000000008494 199.206 +00.291 0.514
000000000341 000003 000000005543 351.301 -00.411 0.496
000000000341 000003 000000008683 351.326 -00.437 0.495
000000000341 000003 000000012198 351.294 -00.388 0.496
000000000342 000003 000000005664 224.969 +00.492 0.453
000000000342 000003 000000006599 225.036 +00.518 0.445
000000000342 000003 000000008069 225.022 +00.463 0.446
000000000343 000003 000000005778 206.281 -00.740 0.495
000000000343 000003 000000006969 206.291 -00.739 0.502
000000000343 000003 000000007754 206.305 -00.705 0.497
000000000345 000003 000000005824 210.745 -00.353 0.433
000000000345 000003 000000006951 210.825 -00.337 0.435
000000000345 000003 000000012323 210.808 -00.320 0.441
000000000346 000003 000000003735 352.346 +00.205 0.441
000000000346 000003 000000005834 352.396 +00.291 0.432
000000000346 000003 000000012892 352.403 +00.267 0.454
000000000265 000003 000000002354 204.212 -00.362 0.463
000000000265 000003 000000006364 204.234 -00.385 0.474
000000000265 000003 000000011336 204.225 -00.350 0.472
000000000264 000003 000000002352 185.914 -00.687 0.496
000000000264 000003 000000006043 185.923 -00.693 0.499
000000000264 000003 000000007599 185.922 -00.703 0.495
000000000263 000003 000000002306 203.890 +00.270 0.320
000000000263 000003 000000003668 204.009 +00.398 0.332
000000000263 000003 000000011245 204.104 +00.481 0.329
000000000188 000003 000000000776 220.959 -00.538 0.535
000000000188 000003 000000001613 220.915 -00.536 0.535
000000000188 000003 000000001852 220.914 -00.537 0.536
000000000177 000003 000000000574 223.215 -00.329 0.587
000000000177 000003 000000002137 223.239 -00.368 0.577
000000000177 000003 000000002943 223.188 -00.390 0.578
000000000179 000003 000000000622 321.725 -00.321 0.473
000000000179 000003 000000006881 321.677 -00.390 0.473
000000000179 000003 000000012160 321.717 -00.369 0.475
000000000181 000003 000000000638 225.811 +00.171 0.458
000000000181 000003 000000004179 225.822 +00.110 0.470
000000000181 000003 000000004640 225.801 +00.148 0.456
000000000182 000003 000000000642 227.830 -00.131 0.516
000000000182 000003 000000002245 227.843 -00.141 0.512
000000000182 000003 000000002385 227.804 -00.123 0.506
000000000183 000003 000000000660 226.262 +00.550 0.508
000000000183 000003 000000005346 226.258 +00.537 0.509
000000000183 000003 000000007062 226.211 +00.559 0.508
000000000184 000003 000000000676 322.371 +00.192 0.489
000000000184 000003 000000006460 322.381 +00.202 0.489
000000000184 000003 000000008434 322.341 +00.163 0.489
000000000378 000003 000000010544 186.213 -00.657 0.553
000000000378 000003 000000010642 186.250 -00.661 0.549
000000000378 000003 000000012269 186.193 -00.653 0.557
000000000172 000003 000000000400 204.859 +00.381 0.515
000000000172 000003 000000004529 204.902 +00.405 0.515
000000000172 000003 000000008895 204.906 +00.392 0.515
000000000190 000003 000000000853 218.921 -00.953 0.496
000000000190 000003 000000001977 218.916 -00.951 0.495
000000000190 000003 000000013019 218.902 -00.946 0.494
000000000192 000003 000000000879 349.400 +00.275 0.524
000000000192 000003 000000008036 349.395 +00.303 0.525
000000000192 000003 000000012244 349.372 +00.354 0.539
000000000194 000003 000000000902 204.631 -00.654 0.389
000000000194 000003 000000005571 204.599 -00.728 0.397
000000000194 000003 000000006381 204.501 -00.839 0.388
000000000195 000003 000000000915 228.442 -00.771 0.542
000000000195 000003 000000007273 228.477 -00.814 0.538
000000000195 000003 000000011985 228.439 -00.782 0.541
000000000199 000003 000000000981 220.269 -00.658 0.557
000000000199 000003 000000010529 220.349 -00.705 0.560
000000000199 000003 000000012766 220.327 -00.674 0.558
000000000201 000003 000000001048 202.746 -00.507 0.475
000000000201 000003 000000003144 202.749 -00.495 0.486
000000000201 000003 000000007251 202.782 -00.478 0.476
000000000173 000003 000000000442 222.090 +00.445 0.440
000000000173 000003 000000002574 222.131 +00.498 0.440
000000000173 000003 000000006606 222.158 +00.422 0.442
000000000171 000003 000000000364 206.627 -00.286 0.553
000000000171 000003 000000003175 206.671 -00.287 0.554
000000000171 000003 000000009687 206.638 -00.289 0.554
000000000262 000003 000000002238 223.607 -00.161 0.581
000000000262 000003 000000006074 223.552 -00.145 0.581
000000000262 000003 000000007313 223.563 -00.129 0.582
000000000156 000003 000000000249 204.779 -00.813 0.432
000000000156 000003 000000006487 204.687 -00.842 0.438
000000000156 000003 000000011525 204.823 -00.861 0.444
000000000146 000003 000000000119 205.943 -00.201 0.706
000000000146 000003 000000003240 205.887 -00.354 0.705
000000000146 000003 000000008209 205.880 -00.306 0.708
000000000148 000003 000000000140 199.704 +00.142 0.639
000000000148 000003 000000005189 199.623 +00.088 0.641
000000000148 000003 000000009731 199.556 +00.103 0.638
000000000149 000003 000000000192 205.912 -00.923 0.552
000000000149 000003 000000003105 205.876 -00.870 0.550
000000000149 000003 000000009092 205.899 -00.901 0.546
000000000150 000003 000000000198 226.772 +00.830 0.504
000000000150 000003 000000002730 226.731 +00.799 0.505
000000000150 000003 000000008721 226.768 +00.800 0.505
000000000151 000003 000000000207 320.809 -00.337 0.516
000000000151 000003 000000000422 320.809 -00.300 0.509
000000000151 000003 000000011584 320.809 -00.304 0.509
000000000155 000003 000000000243 313.977 +00.496 0.715
000000000155 000003 000000003213 313.969 +00.623 0.716
000000000155 000003 000000004093 314.098 +00.468 0.721
000000000157 000003 000000000265 348.592 -00.061 0.488
000000000157 000003 000000001319 348.579 -00.108 0.488
000000000157 000003 000000009283 348.553 -00.050 0.480
000000000170 000003 000000000352 321.041 -00.048 0.526
000000000170 000003 000000001477 321.005 -00.078 0.531
000000000170 000003 000000011815 321.028 -00.122 0.531
000000000158 000003 000000000273 220.386 -00.900 0.538
000000000158 000003 000000001562 220.366 -00.878 0.537
000000000158 000003 000000011992 220.372 -00.904 0.531
000000000159 000003 000000000276 199.809 +00.447 0.515
000000000159 000003 000000006873 199.792 +00.447 0.516
000000000159 000003 000000009783 199.856 +00.452 0.514
000000000161 000003 000000000290 325.794 -01.025 0.552
000000000161 000003 000000004658 325.806 -01.016 0.547
000000000161 000003 000000011248 325.739 -01.019 0.566
000000000163 000003 000000000294 322.838 +00.355 0.499
000000000163 000003 000000001705 322.798 +00.329 0.501
000000000163 000003 000000009855 322.857 +00.402 0.506
000000000164 000003 000000000301 348.877 -00.105 0.565
000000000164 000003 000000005585 348.910 -00.169 0.570
000000000164 000003 000000008705 348.899 -00.148 0.571
000000000167 000003 000000000338 205.078 -00.600 0.444
000000000167 000003 000000002319 205.128 -00.594 0.452
000000000167 000003 000000007875 205.102 -00.587 0.433
000000000202 000003 000000001059 207.156 +00.094 0.507
000000000202 000003 000000002768 207.109 +00.029 0.507
000000000202 000003 000000007918 207.161 +00.048 0.510
000000000203 000003 000000001060 212.935 -00.718 0.651
000000000203 000003 000000002932 212.928 -00.705 0.650
000000000203 000003 000000006812 212.816 -00.727 0.651
000000000204 000003 000000001090 204.398 +00.040 0.477
000000000204 000003 000000012399 204.391 +00.066 0.476
000000000204 000003 000000013057 204.412 +00.066 0.476
000000000247 000003 000000001927 324.713 -01.139 0.494
000000000247 000003 000000002393 324.762 -01.142 0.496
000000000247 000003 000000010766 324.755 -01.129 0.497
000000000237 000003 000000001730 225.246 -00.466 0.470
000000000237 000003 000000007807 225.271 -00.411 0.475
000000000237 000003 000000011094 225.251 -00.412 0.462
000000000239 000003 000000001775 343.632 -00.537 0.645
000000000239 000003 000000010660 343.640 -00.630 0.644
000000000239 000003 000000010962 343.694 -00.702 0.637
000000000242 000003 000000001867 226.373 +00.201 0.623
000000000242 000003 000000002853 226.381 +00.264 0.623
000000000242 000003 000000005044 226.454 +00.295 0.636
000000000243 000003 000000001886 212.619 +00.231 0.499
000000000243 000003 000000006614 212.608 +00.274 0.496
000000000243 000003 000000007819 212.622 +00.243 0.498
000000000244 000003 000000001893 199.682 +00.119 0.506
000000000244 000003 000000005574 199.665 +00.121 0.500
000000000244 000003 000000007949 199.719 +00.128 0.505
000000000245 000003 000000001903 350.449 -00.754 0.428
000000000245 000003 000000007661 350.582 -00.800 0.428
000000000245 000003 000000011744 350.558 -00.776 0.430
000000000251 000003 000000001997 343.688 -00.949 0.530
000000000251 000003 000000006066 343.704 -00.916 0.527
000000000251 000003 000000007431 343.664 -00.986 0.531
000000000205 000003 000000001108 211.139 -00.020 0.449
000000000205 000003 000000003209 211.082 -00.040 0.440
000000000205 000003 000000011620 211.093 +00.006 0.444
000000000253 000003 000000002027 213.506 -00.540 0.645
000000000253 000003 000000003369 213.526 -00.522 0.648
000000000253 000003 000000006264 213.524 -00.551 0.645
000000000254 000003 000000002046 328.103 -00.732 0.496
000000000254 000003 000000005533 328.130 -00.804 0.501
000000000254 000003 000000010092 328.106 -00.759 0.499
000000000255 000003 000000002053 201.142 -00.216 0.658
000000000255 000003 000000008507 201.188 -00.190 0.656
000000000255 000003 000000008989 201.136 -00.324 0.655
000000000256 000003 000000002075 321.785 -01.036 0.589
000000000256 000003 000000003726 321.800 -01.069 0.593
000000000256 000003 000000006890 321.789 -01.050 0.593
000000000258 000003 000000002109 186.108 -00.386 0.492
000000000258 000003 000000007620 186.075 -00.426 0.488
000000000258 000003 000000007991 186.112 -00.372 0.491
000000000261 000003 000000002231 204.420 -00.728 0.530
000000000261 000003 000000010220 204.433 -00.728 0.528
000000000261 000003 000000012930 204.396 -00.747 0.527
000000000236 000003 000000001729 327.879 +00.299 0.448
000000000236 000003 000000006398 327.845 +00.216 0.460
000000000236 000003 000000008258 327.862 +00.241 0.461
000000000235 000003 000000001676 186.943 -00.001 0.598
000000000235 000003 000000009871 186.965 -00.008 0.599
000000000235 000003 000000011011 186.971 +00.021 0.602
000000000233 000003 000000001639 226.672 +00.133 0.499
000000000233 000003 000000005779 226.669 +00.133 0.501
000000000233 000003 000000009815 226.644 +00.098 0.501
000000000232 000003 000000001607 223.882 -00.246 0.649
000000000232 000003 000000001821 223.802 -00.240 0.649
000000000232 000003 000000010441 223.715 -00.205 0.651
000000000231 000003 000000001593 321.475 -00.200 0.528
000000000231 000003 000000002459 321.515 -00.159 0.527
000000000231 000003 000000007522 321.488 -00.152 0.527
000000000229 000003 000000001536 225.846 +00.383 0.546
000000000229 000003 000000005455 225.861 +00.354 0.536
000000000229 000003 000000006404 225.866 +00.361 0.540
000000000227 000003 000000001523 210.373 -00.704 0.578
000000000227 000003 000000006486 210.396 -00.664 0.578
000000000227 000003 000000008361 210.385 -00.666 0.574
000000000222 000003 000000001430 342.559 -00.280 0.503
000000000222 000003 000000001484 342.512 -00.270 0.504
000000000222 000003 000000009029 342.468 -00.255 0.505
000000000221 000003 000000001410 204.198 -00.352 0.523
000000000221 000003 000000001794 204.199 -00.378 0.525
000000000221 000003 000000011122 204.199 -00.348 0.525
000000000217 000003 000000001341 203.036 -00.478 0.549
000000000217 000003 000000009150 202.933 -00.459 0.546
000000000217 000003 000000012716 202.986 -00.462 0.547
000000000216 000003 000000001335 323.864 +00.209 0.612
000000000216 000003 000000002507 323.739 +00.238 0.612
000000000216 000003 000000006515 323.816 +00.253 0.612
000000000215 000003 000000001293 347.839 -00.466 0.578
000000000215 000003 000000005462 347.794 -00.506 0.583
000000000215 000003 000000008807 347.834 -00.457 0.579
000000000214 000003 000000001289 226.695 -00.836 0.679
000000000214 000003 000000005916 226.819 -00.915 0.677
000000000214 000003 000000012848 226.724 -00.871 0.675
000000000211 000003 000000001247 204.847 -00.523 0.433
000000000211 000003 000000005897 204.809 -00.449 0.433
000000000211 000003 000000013114 204.850 -00.499 0.434
000000000209 000003 000000001236 220.907 -00.968 0.561
000000000209 000003 000000011767 220.958 -00.986 0.562
000000000209 000003 000000011862 220.893 -00.972 0.560
000000000207 000003 000000001155 224.321 -00.669 0.576
000000000207 000003 000000002672 224.365 -00.641 0.578
000000000207 000003 000000005389 224.324 -00.681 0.577
000000000206 000003 000000001134 219.316 -00.464 0.334
000000000206 000003 000000003317 219.538 -00.441 0.324
000000000206 000003 000000010486 219.558 -00.440 0.321
000000000000 000003 000000000004 141.250 -00.852 0.433
000000000000 000003 000000001138 141.265 -00.852 0.437
000000000000 000003 000000012769 141.240 -00.881 0.438
