#C_ID		C_Rich	C_Mass	G_ID		G_RA		G_DEC		G_z
000000000266	013	14.867	000000003526	158.834080	-0.002452	0.48460
000000000266	013	14.867	000000004594	158.847020	-0.015752	0.48550
000000000266	013	14.867	000000006111	158.840190	-0.005281	0.47800
000000000266	013	14.867	000000008259	158.870210	-0.037563	0.48400
000000000266	013	14.867	000000010925	158.855790	-0.028057	0.48450
000000000266	013	14.867	000000003528	158.878610	-0.063701	0.49090
000000000266	013	14.867	000000011310	158.897840	-0.049687	0.48820
000000000266	013	14.867	000000005270	158.914720	-0.095922	0.48060
000000000266	013	14.867	000000004457	158.955130	-0.080127	0.48060
000000000266	013	14.867	000000010322	158.897670	-0.146138	0.48250
000000000266	013	14.867	000000009401	158.968380	-0.049455	0.48540
000000000266	013	14.867	000000011205	158.848880	-0.159206	0.48390
000000000266	013	14.867	000000007719	158.991330	-0.020300	0.48510
000000000078	012	15.482	000000000736	161.051410	-0.081292	0.61280
000000000078	012	15.482	000000005815	161.103400	-0.034678	0.61240
000000000078	012	15.482	000000010854	161.176640	-0.054802	0.61230
000000000078	012	15.482	000000007752	161.163670	-0.104865	0.61740
000000000078	012	15.482	000000011152	161.188280	-0.158507	0.61700
000000000078	012	15.482	000000003294	161.161610	-0.235088	0.62520
000000000078	012	15.482	000000007132	161.219990	-0.261542	0.62440
000000000078	012	15.482	000000004158	161.246650	-0.263724	0.62300
000000000078	012	15.482	000000011914	161.234070	-0.346027	0.62900
000000000078	012	15.482	000000012189	161.227090	-0.299517	0.61920
000000000078	012	15.482	000000003729	161.300550	-0.347516	0.62370
000000000078	012	15.482	000000001875	161.322920	-0.374338	0.62150
000000000070	011	15.424	000000000635	190.787690	+0.053645	0.46930
000000000070	011	15.424	000000000970	190.804770	+0.061072	0.46200
000000000070	011	15.424	000000007067	190.757920	+0.033164	0.46920
000000000070	011	15.424	000000012887	190.786210	+0.030408	0.46940
000000000070	011	15.424	000000009322	190.842940	+0.020734	0.46600
000000000070	011	15.424	000000008167	190.721100	+0.051151	0.46910
000000000070	011	15.424	000000005136	190.685880	+0.025387	0.46950
000000000070	011	15.424	000000010256	190.631210	+0.026913	0.45970
000000000070	011	15.424	000000011822	190.630790	+0.085675	0.46580
000000000070	011	15.424	000000005652	190.600940	+0.094009	0.47310
000000000070	011	15.424	000000010353	190.619670	+0.039704	0.47870
000000000008	011	14.165	000000000040	152.842680	+0.003067	0.51090
000000000008	011	14.165	000000001218	152.873740	-0.045250	0.51140
000000000008	011	14.165	000000004512	152.854600	+0.001536	0.51130
000000000008	011	14.165	000000004729	152.839270	+0.045080	0.51100
000000000008	011	14.165	000000010121	152.847790	-0.049209	0.51130
000000000008	011	14.165	000000012859	152.861510	-0.038539	0.51130
000000000008	011	14.165	000000004276	152.890740	-0.033275	0.50740
000000000008	011	14.165	000000004491	152.873640	-0.046962	0.51150
000000000008	011	14.165	000000005765	152.887060	-0.075689	0.51530
000000000008	011	14.165	000000005434	152.821150	+0.075310	0.51360
000000000008	011	14.165	000000006097	152.834020	+0.128423	0.51310
000000000275	010	15.378	000000003762	321.116040	-0.164064	0.45980
000000000275	010	15.378	000000005425	321.135930	-0.202755	0.46600
000000000275	010	15.378	000000012911	321.144130	-0.123539	0.46800
000000000275	010	15.378	000000012711	321.112340	-0.260463	0.46250
000000000275	010	15.378	000000010615	321.111600	-0.076017	0.46860
000000000275	010	15.378	000000012488	321.055400	-0.248485	0.46880
000000000275	010	15.378	000000006456	321.087880	-0.029037	0.46590
000000000275	010	15.378	000000004648	321.153720	-0.010604	0.46830
000000000275	010	15.378	000000008430	321.178480	+0.010579	0.46570
000000000275	010	15.378	000000007198	321.158760	-0.040491	0.45320
000000000084	010	15.331	000000000799	035.394703	-0.215965	0.59350
000000000084	010	15.331	000000006015	035.450705	-0.236879	0.59250
000000000084	010	15.331	000000006918	035.340223	-0.181421	0.58980
000000000084	010	15.331	000000011960	035.406945	-0.207207	0.58830
000000000084	010	15.331	000000012413	035.371418	-0.199296	0.58550
000000000084	010	15.331	000000001737	035.455259	-0.275353	0.59290
000000000084	010	15.331	000000013086	035.483405	-0.235562	0.58980
000000000084	010	15.331	000000002547	035.419463	-0.307005	0.59270
000000000084	010	15.331	000000010000	035.506043	-0.204207	0.57770
000000000084	010	15.331	000000011030	035.521289	-0.182216	0.59350
000000000043	010	15.154	000000000306	210.639180	-0.519714	0.43290
000000000043	010	15.154	000000003699	210.660490	-0.464219	0.43900
000000000043	010	15.154	000000005067	210.639340	-0.547376	0.43720
000000000043	010	15.154	000000007254	210.620610	-0.540175	0.44030
000000000043	010	15.154	000000008050	210.611120	-0.544804	0.43590
000000000043	010	15.154	000000011676	210.561750	-0.577574	0.44180
000000000043	010	15.154	000000002710	210.667260	-0.459952	0.43960
000000000043	010	15.154	000000003027	210.531810	-0.606926	0.44410
000000000043	010	15.154	000000001478	210.508250	-0.649514	0.44280
000000000043	010	15.154	000000001173	210.498110	-0.658840	0.44710
000000000174	010	16.269	000000002009	034.653149	-0.358038	0.67090
000000000174	010	16.269	000000005231	034.682581	-0.505002	0.67540
000000000174	010	16.269	000000010888	034.683536	-0.260547	0.66810
000000000174	010	16.269	000000005713	034.682227	-0.648660	0.67180
000000000174	010	16.269	000000012754	034.548559	-0.573549	0.67500
000000000174	010	16.269	000000010134	034.688367	-0.247875	0.65590
000000000174	010	16.269	000000007619	034.581189	-0.699786	0.67470
000000000174	010	16.269	000000002868	034.517861	-0.693466	0.67540
000000000174	010	16.269	000000008445	034.676579	-0.250666	0.64870
000000000174	010	16.269	000000011231	034.664080	-0.171524	0.65280
000000000185	008	14.702	000000002186	342.368250	-0.486897	0.49210
000000000185	008	14.702	000000002246	342.350740	-0.518058	0.49530
000000000185	008	14.702	000000005544	342.395510	-0.439302	0.50040
000000000185	008	14.702	000000011162	342.362550	-0.478255	0.49840
000000000185	008	14.702	000000006129	342.401470	-0.428453	0.50110
000000000185	008	14.702	000000008088	342.428780	-0.440486	0.49780
000000000185	008	14.702	000000009398	342.406200	-0.385525	0.50040
000000000185	008	14.702	000000007581	342.406920	-0.384734	0.49730
000000000054	007	14.049	000000000456	191.556440	-0.514435	0.48610
000000000054	007	14.049	000000000932	191.556420	-0.485799	0.48370
000000000054	007	14.049	000000003390	191.579960	-0.539338	0.48890
000000000054	007	14.049	000000007652	191.573620	-0.461157	0.48640
000000000054	007	14.049	000000002350	191.550700	-0.586157	0.48580
000000000054	007	14.049	000000003284	191.591920	-0.414272	0.48860
000000000054	007	14.049	000000002601	191.521460	-0.619385	0.48800
000000000184	007	14.912	000000002162	034.982041	-0.088625	0.55930
000000000184	007	14.912	000000003931	034.989650	-0.110036	0.55320
000000000184	007	14.912	000000010235	034.942860	-0.136697	0.55740
000000000184	007	14.912	000000012037	034.993141	-0.049962	0.55220
000000000184	007	14.912	000000003054	034.929699	-0.196841	0.55530
000000000184	007	14.912	000000008080	035.046594	-0.045865	0.55850
000000000184	007	14.912	000000007343	035.071033	-0.010044	0.56260
000000000122	007	14.956	000000001268	344.807060	-0.042009	0.51070
000000000122	007	14.956	000000008829	344.838590	-0.024632	0.51290
000000000122	007	14.956	000000009081	344.784350	-0.058153	0.50970
000000000122	007	14.956	000000005193	344.852780	+0.004433	0.51400
000000000122	007	14.956	000000007044	344.850480	-0.000115	0.51140
000000000122	007	14.956	000000009490	344.903780	-0.006618	0.50480
000000000122	007	14.956	000000012965	344.861060	+0.038207	0.51660
000000000221	007	15.606	000000002854	164.447780	+0.192114	0.40230
000000000221	007	15.606	000000007515	164.607560	+0.216542	0.40270
000000000221	007	15.606	000000008920	164.321100	+0.094275	0.40770
000000000221	007	15.606	000000010457	164.497910	+0.182772	0.40410
000000000221	007	15.606	000000002988	164.571700	+0.286166	0.40760
000000000221	007	15.606	000000003976	164.515080	+0.231103	0.39070
000000000221	007	15.606	000000007349	164.250130	+0.059305	0.40700
000000000028	007	15.495	000000000227	343.383860	-0.471997	0.57380
000000000028	007	15.495	000000000701	343.378040	-0.467247	0.58400
000000000028	007	15.495	000000000750	343.334480	-0.506694	0.56750
000000000028	007	15.495	000000004138	343.389600	-0.457499	0.56940
000000000028	007	15.495	000000004144	343.367610	-0.485889	0.56850
000000000028	007	15.495	000000009725	343.429180	-0.446895	0.57020
000000000028	007	15.495	000000003311	343.333590	-0.574439	0.56950
000000000159	006	15.188	000000001811	219.051510	+0.283659	0.45630
000000000159	006	15.188	000000003055	219.002050	+0.277298	0.45980
000000000159	006	15.188	000000004338	218.999110	+0.287987	0.45890
000000000159	006	15.188	000000007150	219.032210	+0.275145	0.45960
000000000159	006	15.188	000000007358	219.081150	+0.253295	0.46020
000000000159	006	15.188	000000005359	219.028150	+0.210660	0.46930
000000000114	006	16.044	000000001206	015.706972	+0.073276	0.40920
000000000114	006	16.044	000000001675	015.687926	+0.166986	0.42070
000000000114	006	16.044	000000008886	015.671437	-0.072361	0.41500
000000000114	006	16.044	000000008998	015.801511	+0.088969	0.39930
000000000114	006	16.044	000000004585	015.729061	+0.033797	0.42220
000000000114	006	16.044	000000004957	015.687583	-0.165116	0.41650
000000000029	006	14.025	000000000240	226.006420	-0.786882	0.44610
000000000029	006	14.025	000000005237	226.035750	-0.725143	0.44150
000000000029	006	14.025	000000008758	225.959950	-0.769001	0.44160
000000000029	006	14.025	000000010835	226.054390	-0.798231	0.44480
000000000029	006	14.025	000000007212	225.921220	-0.698951	0.44290
000000000029	006	14.025	000000000798	226.111150	-0.791398	0.44370
000000000173	006	15.700	000000002006	219.981610	-0.459222	0.54260
000000000173	006	15.700	000000003196	219.999960	-0.462850	0.55530
000000000173	006	15.700	000000005975	219.995820	-0.462426	0.54270
000000000173	006	15.700	000000007546	220.011670	-0.511866	0.53770
000000000173	006	15.700	000000002684	220.054480	-0.477836	0.54010
000000000173	006	15.700	000000011629	220.056550	-0.478902	0.53670
000000000088	006	13.655	000000000864	202.201900	-0.368015	0.52760
000000000088	006	13.655	000000001085	202.188630	-0.369457	0.53000
000000000088	006	13.655	000000005451	202.193570	-0.315884	0.52650
000000000088	006	13.655	000000007190	202.200910	-0.371019	0.52880
000000000088	006	13.655	000000009141	202.195940	-0.402942	0.52750
000000000088	006	13.655	000000010173	202.193630	-0.314194	0.52980
000000000167	006	14.261	000000001913	205.653190	+0.155914	0.52750
000000000167	006	14.261	000000002103	205.600190	+0.152354	0.53030
000000000167	006	14.261	000000004567	205.603620	+0.135106	0.52830
000000000167	006	14.261	000000005754	205.601280	+0.134422	0.52480
000000000167	006	14.261	000000010533	205.645400	+0.173521	0.53030
000000000167	006	14.261	000000011669	205.595610	+0.111001	0.52610
000000000141	006	15.436	000000001508	205.229170	-0.164368	0.43550
000000000141	006	15.436	000000009375	205.282040	-0.214410	0.44750
000000000141	006	15.436	000000002001	205.313060	-0.164508	0.44770
000000000141	006	15.436	000000004938	205.303120	-0.177538	0.44830
000000000141	006	15.436	000000012004	205.324980	-0.159823	0.45000
000000000141	006	15.436	000000012283	205.282700	-0.143279	0.44870
000000000232	006	15.387	000000003018	211.250510	+0.154852	0.44800
000000000232	006	15.387	000000008842	211.316780	+0.178564	0.43920
000000000232	006	15.387	000000009755	211.279840	+0.131085	0.44870
000000000232	006	15.387	000000011907	211.324560	+0.189447	0.43940
000000000232	006	15.387	000000012445	211.284920	+0.215825	0.44150
000000000232	006	15.387	000000003099	211.376440	+0.169879	0.43590
000000000036	006	16.111	000000000280	013.408303	+0.555429	0.41540
000000000036	006	16.111	000000005848	013.379902	+0.455293	0.41970
000000000036	006	16.111	000000009399	013.287436	+0.610629	0.42420
000000000036	006	16.111	000000011908	013.441994	+0.502076	0.40480
000000000036	006	16.111	000000007556	013.407667	+0.324508	0.42570
000000000036	006	16.111	000000009178	013.372140	+0.260918	0.42980
000000000044	006	15.856	000000000330	207.554200	+0.017838	0.50450
000000000044	006	15.856	000000004866	207.591160	+0.014177	0.50710
000000000044	006	15.856	000000003243	207.575510	-0.037234	0.51860
000000000044	006	15.856	000000010138	207.601150	+0.017445	0.52050
000000000044	006	15.856	000000012379	207.605720	-0.033131	0.52040
000000000044	006	15.856	000000004200	207.598660	-0.023583	0.52130
000000000156	006	13.060	000000001748	202.278530	-0.113227	0.48860
000000000156	006	13.060	000000009115	202.267010	-0.090367	0.48930
000000000156	006	13.060	000000010071	202.255230	-0.069346	0.49050
000000000156	006	13.060	000000011965	202.282540	-0.116808	0.48790
000000000156	006	13.060	000000013125	202.213840	-0.044736	0.48940
000000000156	006	13.060	000000009679	202.205150	+0.004526	0.48940
000000000101	006	14.326	000000000995	326.087120	-0.485758	0.59520
000000000101	006	14.326	000000001633	326.049470	-0.440559	0.59250
000000000101	006	14.326	000000006041	326.050680	-0.467628	0.58790
000000000101	006	14.326	000000012635	326.043420	-0.430376	0.59250
000000000101	006	14.326	000000010788	326.006920	-0.458896	0.59120
000000000101	006	14.326	000000012819	326.010400	-0.476600	0.59150
000000000324	006	15.293	000000005204	152.907490	+0.112795	0.42730
000000000324	006	15.293	000000006088	152.884610	+0.052527	0.43700
000000000324	006	15.293	000000011238	152.888180	+0.160636	0.43550
000000000324	006	15.293	000000012137	152.911930	+0.080763	0.43580
000000000324	006	15.293	000000009817	152.903060	+0.232299	0.44200
000000000324	006	15.293	000000006538	152.870590	+0.295265	0.43370
000000000132	006	15.158	000000001400	190.732370	+0.157717	0.47140
000000000132	006	15.158	000000002567	190.737780	+0.170223	0.46820
000000000132	006	15.158	000000002711	190.778020	+0.136556	0.46770
000000000132	006	15.158	000000003244	190.757110	+0.186380	0.47460
000000000132	006	15.158	000000006273	190.769990	+0.130717	0.46510
000000000132	006	15.158	000000012936	190.801940	+0.125578	0.46240
000000000115	005	14.267	000000001219	162.109310	-0.843020	0.49590
000000000115	005	14.267	000000005066	162.119390	-0.832015	0.49640
000000000115	005	14.267	000000008499	162.098970	-0.875306	0.49550
000000000115	005	14.267	000000011059	162.104360	-0.860261	0.49580
000000000115	005	14.267	000000012261	162.116290	-0.782620	0.50090
000000000047	005	14.518	000000000350	206.881430	+0.238730	0.49940
000000000047	005	14.518	000000005377	206.876960	+0.221423	0.50040
000000000047	005	14.518	000000003809	206.914720	+0.278548	0.49470
000000000047	005	14.518	000000012471	206.916130	+0.275567	0.50050
000000000047	005	14.518	000000009711	206.926100	+0.273337	0.50180
000000000306	005	14.167	000000004829	152.185510	-0.413333	0.58830
000000000306	005	14.167	000000005835	152.146750	-0.397823	0.58840
000000000306	005	14.167	000000008380	152.129700	-0.430396	0.58360
000000000306	005	14.167	000000012432	152.146220	-0.398536	0.58840
000000000306	005	14.167	000000009511	152.123930	-0.444575	0.58590
000000000056	005	14.803	000000000493	034.927998	+0.365024	0.53690
000000000056	005	14.803	000000010183	034.979643	+0.370177	0.53680
000000000056	005	14.803	000000013038	034.956425	+0.372002	0.54460
000000000056	005	14.803	000000005397	035.006197	+0.321975	0.54260
000000000056	005	14.803	000000011926	035.016374	+0.398766	0.54030
000000000183	005	15.542	000000002141	211.825190	-0.249468	0.54230
000000000183	005	15.542	000000006658	211.773570	-0.274826	0.55220
000000000183	005	15.542	000000010734	211.794060	-0.271439	0.55570
000000000183	005	15.542	000000003548	211.779330	-0.251412	0.55690
000000000183	005	15.542	000000005418	211.767450	-0.290495	0.55640
000000000048	005	15.646	000000000351	321.829520	-0.454416	0.47770
000000000048	005	15.646	000000006220	321.874030	-0.456028	0.47030
000000000048	005	15.646	000000008246	321.867100	-0.449795	0.46770
000000000048	005	15.646	000000012388	321.852400	-0.439220	0.47550
000000000048	005	15.646	000000003916	321.870390	-0.386921	0.48420
000000000329	005	13.073	000000005350	210.341890	+0.245377	0.47380
000000000329	005	13.073	000000006747	210.348760	+0.287191	0.47610
000000000329	005	13.073	000000007503	210.305870	+0.285075	0.47410
000000000329	005	13.073	000000012588	210.296230	+0.282617	0.47460
000000000329	005	13.073	000000005531	210.260640	+0.275672	0.47500
000000000079	005	13.822	000000000742	011.057984	-0.136880	0.47780
000000000079	005	13.822	000000006008	011.088290	-0.130918	0.47650
000000000079	005	13.822	000000007730	011.083586	-0.130908	0.47630
000000000079	005	13.822	000000010722	011.030065	-0.154091	0.47750
000000000079	005	13.822	000000011086	011.097516	-0.172402	0.48030
000000000289	005	13.628	000000004098	186.211260	-0.677987	0.49430
000000000289	005	13.628	000000007596	186.180560	-0.635079	0.49380
000000000289	005	13.628	000000009338	186.188070	-0.686291	0.49460
000000000289	005	13.628	000000010743	186.238870	-0.673408	0.49420
000000000289	005	13.628	000000009226	186.152380	-0.678692	0.49120
000000000238	005	14.135	000000003080	343.143880	-0.839245	0.53930
000000000238	005	14.135	000000011929	343.143600	-0.880921	0.53600
000000000238	005	14.135	000000007429	343.116630	-0.917880	0.53940
000000000238	005	14.135	000000009779	343.128290	-0.910267	0.54120
000000000238	005	14.135	000000010078	343.118470	-0.911193	0.54090
000000000207	005	15.071	000000002548	205.420210	+0.287707	0.50350
000000000207	005	15.071	000000005396	205.421460	+0.310330	0.50440
000000000207	005	15.071	000000006756	205.413700	+0.288829	0.51020
000000000207	005	15.071	000000011997	205.397700	+0.254449	0.51370
000000000207	005	15.071	000000012522	205.410990	+0.282471	0.50810
000000000121	005	14.356	000000001266	155.313860	-0.467808	0.51750
000000000121	005	14.356	000000003023	155.316690	-0.495549	0.52020
000000000121	005	14.356	000000004314	155.327780	-0.460025	0.51600
000000000121	005	14.356	000000005625	155.312260	-0.494271	0.52220
000000000121	005	14.356	000000010325	155.315820	-0.468359	0.51800
000000000230	005	15.454	000000003011	325.320580	-0.412468	0.62200
000000000230	005	15.454	000000004850	325.374500	-0.439911	0.61430
000000000230	005	15.454	000000006087	325.387660	-0.422821	0.61530
000000000230	005	15.454	000000007784	325.303530	-0.504595	0.61770
000000000230	005	15.454	000000008875	325.432340	-0.436958	0.60620
000000000222	005	13.822	000000002870	211.926850	-0.550466	0.46580
000000000222	005	13.822	000000012983	211.959380	-0.504015	0.46710
000000000222	005	13.822	000000008249	211.992710	-0.500198	0.46970
000000000222	005	13.822	000000009365	211.981020	-0.459179	0.46580
000000000222	005	13.822	000000007412	212.024810	-0.482976	0.46720
000000000213	005	13.685	000000002714	223.681430	+0.231835	0.58120
000000000213	005	13.685	000000005689	223.632700	+0.269366	0.57820
000000000213	005	13.685	000000007467	223.665370	+0.287551	0.57930
000000000213	005	13.685	000000008528	223.678410	+0.284350	0.58160
000000000213	005	13.685	000000008693	223.698750	+0.270851	0.58120
000000000228	005	14.186	000000002961	207.511200	-0.504420	0.64060
000000000228	005	14.186	000000005829	207.607280	-0.473532	0.63650
000000000228	005	14.186	000000005908	207.481310	-0.419326	0.63760
000000000228	005	14.186	000000008680	207.605860	-0.486484	0.63680
000000000228	005	14.186	000000011452	207.469400	-0.464734	0.64120
000000000191	005	15.559	000000002264	151.574940	-0.244874	0.48490
000000000191	005	15.559	000000003975	151.595260	-0.248313	0.48510
000000000191	005	15.559	000000004665	151.618130	-0.251097	0.48620
000000000191	005	15.559	000000007127	151.546350	-0.227554	0.47210
000000000191	005	15.559	000000010973	151.573930	-0.245345	0.48620
000000000123	005	15.405	000000001285	347.025460	-0.503227	0.57120
000000000123	005	15.405	000000005859	347.041690	-0.492568	0.57170
000000000123	005	15.405	000000012404	347.005470	-0.497145	0.57280
000000000123	005	15.405	000000013124	347.049620	-0.492729	0.56960
000000000123	005	15.405	000000005306	346.965800	-0.464962	0.58340
000000000244	005	13.578	000000003137	207.832840	-0.136262	0.52060
000000000244	005	13.578	000000012828	207.867300	-0.171385	0.52290
000000000244	005	13.578	000000010195	207.888880	-0.202999	0.51980
000000000244	005	13.578	000000008462	207.879210	-0.259595	0.52010
000000000244	005	13.578	000000004401	207.898300	-0.284618	0.51960
000000000262	005	15.989	000000003467	014.295223	+0.107352	0.57160
000000000262	005	15.989	000000010297	014.335394	+0.113264	0.57180
000000000262	005	15.989	000000012695	014.361282	+0.129719	0.56130
000000000262	005	15.989	000000010670	014.389475	+0.191413	0.57220
000000000262	005	15.989	000000008682	014.429453	+0.247899	0.58560
000000000077	005	13.447	000000000732	200.800460	-0.226242	0.46560
000000000077	005	13.447	000000003365	200.787510	-0.235665	0.46750
000000000077	005	13.447	000000010940	200.766820	-0.213659	0.46600
000000000077	005	13.447	000000012462	200.848210	-0.249237	0.46630
000000000077	005	13.447	000000004806	200.722360	-0.218328	0.46850
000000000041	005	15.148	000000000295	150.744400	-0.794897	0.65130
000000000041	005	15.148	000000008272	150.727830	-0.797443	0.65150
000000000041	005	15.148	000000010266	150.677490	-0.699920	0.65830
000000000041	005	15.148	000000011431	150.635620	-0.645574	0.64760
000000000041	005	15.148	000000007422	150.676750	-0.537315	0.64650
000000000097	005	15.479	000000000969	213.097540	-0.836870	0.63610
000000000097	005	15.479	000000002010	213.122700	-0.909907	0.63170
000000000097	005	15.479	000000012339	212.993430	-0.839286	0.63740
000000000097	005	15.479	000000006991	213.093870	-0.950144	0.63680
000000000097	005	15.479	000000002816	212.995060	-0.930054	0.64780
000000000085	005	15.147	000000000847	221.208580	+0.189775	0.62180
000000000085	005	15.147	000000007454	221.140820	+0.174638	0.61720
000000000085	005	15.147	000000001323	221.242440	+0.257546	0.61760
000000000085	005	15.147	000000005347	221.314170	+0.222860	0.61940
000000000085	005	15.147	000000006447	221.312220	+0.187507	0.60960
000000000268	005	13.690	000000003603	227.639770	-0.054616	0.56670
000000000268	005	13.690	000000004462	227.618620	-0.031522	0.56720
000000000268	005	13.690	000000005186	227.598220	-0.059932	0.56790
000000000268	005	13.690	000000011892	227.623600	+0.023946	0.56640
000000000268	005	13.690	000000012344	227.596550	-0.117291	0.57010
000000000264	005	14.266	000000003490	206.945140	-0.049310	0.55880
000000000264	005	14.266	000000003686	206.931820	-0.068585	0.55300
000000000264	005	14.266	000000003875	206.955120	-0.041232	0.55450
000000000264	005	14.266	000000004622	206.922590	+0.008680	0.55530
000000000264	005	14.266	000000005320	206.961960	+0.046818	0.55730
000000000271	005	14.178	000000003689	190.419740	-0.483367	0.45910
000000000271	005	14.178	000000004392	190.412070	-0.540218	0.46340
000000000271	005	14.178	000000004434	190.462330	-0.521081	0.45910
000000000271	005	14.178	000000007778	190.469780	-0.522074	0.45900
000000000271	005	14.178	000000005070	190.489150	-0.516523	0.45810
000000000214	005	15.371	000000002758	162.154010	+0.241431	0.47960
000000000214	005	15.371	000000008075	162.175230	+0.207568	0.48770
000000000214	005	15.371	000000005416	162.130320	+0.232667	0.49040
000000000214	005	15.371	000000005968	162.165840	+0.220793	0.48880
000000000214	005	15.371	000000004590	162.145300	+0.246516	0.49380
000000000066	005	14.692	000000000584	150.705830	+0.511549	0.57280
000000000066	005	14.692	000000001808	150.704140	+0.548844	0.57650
000000000066	005	14.692	000000004303	150.639370	+0.532195	0.57950
000000000066	005	14.692	000000010870	150.721220	+0.513856	0.57210
000000000066	005	14.692	000000002763	150.764140	+0.555356	0.57780
000000000334	005	12.240	000000005804	221.317160	+0.146710	0.54500
000000000334	005	12.240	000000006000	221.312290	+0.117883	0.54450
000000000334	005	12.240	000000008215	221.293670	+0.103641	0.54390
000000000334	005	12.240	000000009587	221.339030	+0.110165	0.54510
000000000334	005	12.240	000000011460	221.318180	+0.086191	0.54480
000000000010	005	13.889	000000000046	188.216770	+0.460726	0.40660
000000000010	005	13.889	000000007813	188.303700	+0.329207	0.40790
000000000010	005	13.889	000000006820	188.323920	+0.183021	0.41020
000000000010	005	13.889	000000006481	188.322740	+0.221177	0.41030
000000000010	005	13.889	000000005049	188.446100	+0.073415	0.40990
000000000011	005	14.623	000000000060	207.275150	-0.079134	0.61030
000000000011	005	14.623	000000001896	207.260310	-0.080799	0.61180
000000000011	005	14.623	000000007452	207.238050	-0.149852	0.61090
000000000011	005	14.623	000000000468	207.283800	-0.207784	0.61290
000000000011	005	14.623	000000009513	207.169640	-0.131881	0.60500
000000000017	005	15.450	000000000125	211.526500	-0.466264	0.58530
000000000017	005	15.450	000000005516	211.534550	-0.466059	0.58630
000000000017	005	15.450	000000007831	211.556750	-0.487402	0.58440
000000000017	005	15.450	000000009119	211.551880	-0.478990	0.58050
000000000017	005	15.450	000000010491	211.511160	-0.492766	0.57230
000000000351	005	14.943	000000006618	207.255600	-0.341166	0.54550
000000000351	005	14.943	000000012146	207.257050	-0.324655	0.55000
000000000351	005	14.943	000000012484	207.250060	-0.285228	0.54860
000000000351	005	14.943	000000006990	207.257620	-0.254173	0.54890
000000000351	005	14.943	000000009098	207.233030	-0.205794	0.55600
000000000150	005	16.057	000000001668	163.318360	-0.124172	0.69260
000000000150	005	16.057	000000002131	163.368570	-0.176046	0.67790
000000000150	005	16.057	000000007278	163.431740	-0.296199	0.66850
000000000150	005	16.057	000000002115	163.407410	-0.361187	0.67420
000000000150	005	16.057	000000012468	163.409580	-0.477664	0.67200
000000000014	005	14.681	000000000113	219.622470	-0.425266	0.54730
000000000014	005	14.681	000000003090	219.587320	-0.390039	0.54560
000000000014	005	14.681	000000004807	219.611610	-0.441579	0.54120
000000000014	005	14.681	000000008471	219.671260	-0.441019	0.54390
000000000014	005	14.681	000000004977	219.667810	-0.490263	0.53960
000000000027	005	15.700	000000000222	321.596030	-0.112801	0.52750
000000000027	005	15.700	000000000978	321.572870	-0.087328	0.51430
000000000027	005	15.700	000000008196	321.580540	-0.075134	0.52760
000000000027	005	15.700	000000011274	321.571820	-0.094280	0.51440
000000000027	005	15.700	000000002582	321.545310	-0.028207	0.52490
000000000360	005	15.385	000000007301	211.267820	-0.449764	0.59410
000000000360	005	15.385	000000008360	211.286300	-0.460499	0.58270
000000000360	005	15.385	000000009336	211.257760	-0.451538	0.59150
000000000360	005	15.385	000000011835	211.307300	-0.429714	0.58390
000000000360	005	15.385	000000008498	211.327650	-0.506335	0.58250
000000000155	005	15.628	000000001734	154.949550	+0.408519	0.44860
000000000155	005	15.628	000000005234	154.994270	+0.346940	0.44900
000000000155	005	15.628	000000008091	155.030670	+0.285393	0.46170
000000000155	005	15.628	000000012177	155.069040	+0.350175	0.44850
000000000155	005	15.628	000000006770	155.135980	+0.329468	0.45850
000000000345	005	15.306	000000006024	314.552910	-0.207421	0.71020
000000000345	005	15.306	000000012708	314.513550	-0.269580	0.70760
000000000345	005	15.306	000000006112	314.616210	-0.197031	0.72120
000000000345	005	15.306	000000009066	314.393640	-0.205687	0.71310
000000000345	005	15.306	000000010400	314.634730	-0.183184	0.71620
000000000341	005	14.644	000000005866	224.775810	-0.429087	0.44370
000000000341	005	14.644	000000007020	224.814940	-0.474354	0.43900
000000000341	005	14.644	000000009582	224.782200	-0.414953	0.43920
000000000341	005	14.644	000000007751	224.753810	-0.514829	0.44200
000000000341	005	14.644	000000012434	224.680760	-0.506525	0.43600
000000000002	005	14.347	000000000020	156.660400	-0.292312	0.49190
000000000002	005	14.347	000000002226	156.661410	-0.341850	0.48600
000000000002	005	14.347	000000003098	156.611760	-0.317425	0.48710
000000000002	005	14.347	000000003268	156.694970	-0.251214	0.48690
000000000002	005	14.347	000000004667	156.626250	-0.314761	0.48650
000000000170	005	14.294	000000001956	201.122180	-0.515876	0.55670
000000000170	005	14.294	000000008178	201.134700	-0.551759	0.56250
000000000170	005	14.294	000000008629	201.132050	-0.520369	0.56130
000000000170	005	14.294	000000011523	201.140010	-0.476992	0.55830
000000000170	005	14.294	000000012883	201.162410	-0.476964	0.56060
000000000342	005	14.726	000000005963	322.963360	-0.509625	0.49370
000000000342	005	14.726	000000007937	322.955690	-0.491526	0.49680
000000000342	005	14.726	000000008140	323.009020	-0.531096	0.49140
000000000342	005	14.726	000000012839	322.983590	-0.509292	0.49460
000000000342	005	14.726	000000009453	323.019330	-0.527212	0.48840
000000000367	005	14.766	000000007734	226.071240	-0.208432	0.63940
000000000367	005	14.766	000000011032	225.973310	-0.242604	0.63600
000000000367	005	14.766	000000008929	226.157850	-0.154839	0.63420
000000000367	005	14.766	000000010358	226.153030	-0.145085	0.63250
000000000367	005	14.766	000000011146	226.161090	-0.163490	0.63040
000000000373	005	14.693	000000008228	009.527640	-0.112915	0.48640
000000000373	005	14.693	000000000678	009.523448	-0.057316	0.49320
000000000373	005	14.693	000000008421	009.480481	-0.124072	0.49340
000000000373	005	14.693	000000009440	009.480983	-0.100320	0.49230
000000000373	005	14.693	000000013072	009.478790	-0.113301	0.49410
000000000100	004	13.724	000000000990	010.806248	+0.384940	0.52470
000000000100	004	13.724	000000005818	010.805817	+0.412257	0.52630
000000000100	004	13.724	000000006783	010.783497	+0.376696	0.52740
000000000100	004	13.724	000000010609	010.759571	+0.385437	0.52830
000000000371	004	13.890	000000008131	200.002970	+0.039099	0.50460
000000000371	004	13.890	000000008387	200.028930	+0.026001	0.50580
000000000371	004	13.890	000000011067	200.044250	+0.069435	0.50170
000000000371	004	13.890	000000012067	200.053440	+0.067940	0.50340
000000000095	004	12.568	000000000956	167.266130	-0.004455	0.53530
000000000095	004	12.568	000000002688	167.275170	-0.042184	0.53460
000000000095	004	12.568	000000003518	167.237810	-0.000829	0.53430
000000000095	004	12.568	000000010015	167.241870	+0.010419	0.53570
000000000160	004	13.552	000000001839	165.135030	-0.122886	0.49800
000000000160	004	13.552	000000007511	165.089980	-0.112450	0.50020
000000000160	004	13.552	000000007897	165.060450	-0.138099	0.49750
000000000160	004	13.552	000000009195	165.052800	-0.143743	0.49990
000000000098	004	11.899	000000000975	186.556990	-0.559263	0.49150
000000000098	004	11.899	000000006975	186.561010	-0.597798	0.49130
000000000098	004	11.899	000000012464	186.570520	-0.601596	0.49210
000000000098	004	11.899	000000001527	186.576030	-0.617720	0.49130
000000000369	004	14.730	000000007840	138.326940	-0.571724	0.60290
000000000369	004	14.730	000000009256	138.303490	-0.614015	0.60440
000000000369	004	14.730	000000009557	138.301430	-0.606841	0.61030
000000000369	004	14.730	000000010462	138.275640	-0.661086	0.60340
000000000197	004	13.448	000000002369	207.914670	+0.404701	0.45540
000000000197	004	13.448	000000003684	207.902610	+0.415781	0.45680
000000000197	004	13.448	000000008265	207.886310	+0.390775	0.45510
000000000197	004	13.448	000000003591	207.819330	+0.399691	0.45380
000000000199	004	15.489	000000002394	218.914280	-0.105467	0.54320
000000000199	004	15.489	000000003187	218.918390	-0.143017	0.54280
000000000199	004	15.489	000000009361	218.955580	-0.101223	0.55520
000000000199	004	15.489	000000006670	218.945480	-0.185911	0.54340
000000000126	004	14.259	000000001300	153.416590	-0.142178	0.56070
000000000126	004	14.259	000000004388	153.404630	-0.144334	0.55630
000000000126	004	14.259	000000007582	153.352210	-0.123728	0.55570
000000000126	004	14.259	000000010836	153.357040	-0.097685	0.55910
000000000253	004	12.369	000000003341	012.704210	+0.555367	0.49930
000000000253	004	12.369	000000010528	012.700117	+0.591814	0.50000
000000000253	004	12.369	000000012696	012.740568	+0.623655	0.49870
000000000253	004	12.369	000000006758	012.747612	+0.629094	0.49910
000000000149	004	15.685	000000001642	186.335890	-0.142360	0.47220
000000000149	004	15.685	000000005935	186.345560	-0.139642	0.47170
000000000149	004	15.685	000000008833	186.337850	-0.142442	0.47350
000000000149	004	15.685	000000011524	186.385000	-0.173938	0.45880
000000000093	004	14.350	000000000917	185.587940	-1.195624	0.49410
000000000093	004	14.350	000000004195	185.600970	-1.154524	0.49560
000000000093	004	14.350	000000004209	185.602590	-1.163559	0.49390
000000000093	004	14.350	000000002418	185.622130	-1.118577	0.48980
000000000087	004	14.251	000000000856	010.350490	-0.333906	0.46250
000000000087	004	14.251	000000002212	010.365874	-0.356094	0.45920
000000000087	004	14.251	000000007675	010.334886	-0.316137	0.45700
000000000087	004	14.251	000000007483	010.296728	-0.268838	0.46020
000000000094	004	15.358	000000000952	321.861060	-0.276204	0.48560
000000000094	004	15.358	000000002927	321.865540	-0.261455	0.48200
000000000094	004	15.358	000000011788	321.856810	-0.280896	0.48120
000000000094	004	15.358	000000011893	321.880290	-0.263109	0.47290
000000000090	004	13.697	000000000901	322.435160	-0.542326	0.47140
000000000090	004	13.697	000000005635	322.390630	-0.537244	0.47380
000000000090	004	13.697	000000010191	322.438040	-0.517723	0.47500
000000000090	004	13.697	000000012510	322.369250	-0.529046	0.47340
000000000255	004	15.315	000000003355	163.145740	+0.728805	0.62320
000000000255	004	15.315	000000005753	163.163140	+0.719663	0.61640
000000000255	004	15.315	000000002169	163.244540	+0.678764	0.61110
000000000255	004	15.315	000000007456	163.318170	+0.629684	0.61270
000000000256	004	14.230	000000003382	206.590930	+0.063993	0.48590
000000000256	004	14.230	000000004216	206.604770	+0.092706	0.48360
000000000256	004	14.230	000000012693	206.602030	+0.064282	0.48360
000000000256	004	14.230	000000007557	206.617580	+0.128802	0.48040
000000000254	004	13.393	000000003342	139.634380	-0.607282	0.58280
000000000254	004	13.393	000000010253	139.571490	-0.586467	0.58510
000000000254	004	13.393	000000011754	139.662580	-0.576429	0.58230
000000000254	004	13.393	000000012952	139.638240	-0.591976	0.58330
000000000204	004	13.020	000000002485	198.928180	-0.416014	0.51150
000000000204	004	13.020	000000003649	198.917850	-0.401680	0.51100
000000000204	004	13.020	000000009448	198.940140	-0.420047	0.51170
000000000204	004	13.020	000000006765	198.890430	-0.369601	0.51310
000000000243	004	14.801	000000003132	153.615680	-0.589383	0.59690
000000000243	004	14.801	000000006231	153.621690	-0.660441	0.59620
000000000243	004	14.801	000000004614	153.660180	-0.541941	0.60350
000000000243	004	14.801	000000004905	153.618130	-0.703068	0.59590
000000000118	004	13.130	000000001241	218.770830	+0.336379	0.57420
000000000118	004	13.130	000000005873	218.791970	+0.296248	0.57570
000000000118	004	13.130	000000009420	218.834020	+0.316742	0.57420
000000000118	004	13.130	000000012598	218.744400	+0.255763	0.57610
000000000225	004	14.111	000000002883	190.556070	+0.374835	0.46330
000000000225	004	14.111	000000005656	190.592640	+0.391610	0.46330
000000000225	004	14.111	000000009983	190.551220	+0.362171	0.46760
000000000225	004	14.111	000000011839	190.556420	+0.394754	0.46410
000000000116	004	16.331	000000001226	187.783270	-0.658298	0.39610
000000000116	004	16.331	000000008761	187.939980	-0.747920	0.38440
000000000116	004	16.331	000000010019	187.811460	-0.527575	0.40820
000000000116	004	16.331	000000008911	187.932730	-0.478241	0.40690
000000000227	004	13.071	000000002924	156.014990	+0.639724	0.44900
000000000227	004	13.071	000000003998	155.960660	+0.614815	0.44840
000000000227	004	13.071	000000004463	156.004650	+0.642316	0.44710
000000000227	004	13.071	000000005356	155.982040	+0.667749	0.44910
000000000005	004	14.401	000000000026	010.349053	+0.282182	0.61230
000000000005	004	14.401	000000002276	010.337116	+0.327220	0.61020
000000000005	004	14.401	000000004327	010.346487	+0.315512	0.60960
000000000005	004	14.401	000000011227	010.276603	+0.246297	0.61550
000000000219	004	14.270	000000002838	223.078670	+0.174022	0.59170
000000000219	004	14.270	000000004493	223.085860	+0.155458	0.59180
000000000219	004	14.270	000000005218	223.076920	+0.125243	0.58870
000000000219	004	14.270	000000010697	223.084340	+0.064083	0.58690
000000000218	004	15.004	000000002819	224.918540	-0.299682	0.55810
000000000218	004	15.004	000000006252	224.922570	-0.344237	0.56300
000000000218	004	15.004	000000007828	224.911400	-0.301518	0.55980
000000000218	004	15.004	000000009903	224.936480	-0.302085	0.56760
000000000217	004	13.540	000000002817	152.218630	-0.785668	0.61610
000000000217	004	13.540	000000011987	152.255700	-0.742580	0.61420
000000000217	004	13.540	000000011709	152.311830	-0.678860	0.61300
000000000217	004	13.540	000000003701	152.368570	-0.662884	0.61340
000000000003	004	13.182	000000000021	208.807450	+0.194403	0.67520
000000000003	004	13.182	000000004724	208.779780	+0.127211	0.67650
000000000003	004	13.182	000000005857	208.879700	+0.165453	0.67510
000000000003	004	13.182	000000005896	208.815060	+0.184570	0.67730
000000000374	004	14.852	000000008620	219.487830	-0.284901	0.54670
000000000374	004	14.852	000000009210	219.540710	-0.262325	0.54110
000000000374	004	14.852	000000011921	219.466280	-0.275874	0.54500
000000000374	004	14.852	000000012185	219.436650	-0.225545	0.55000
000000000006	004	13.673	000000000031	158.297560	+0.584441	0.48250
000000000006	004	13.673	000000005611	158.322370	+0.619177	0.48130
000000000006	004	13.673	000000005001	158.347340	+0.629183	0.48010
000000000006	004	13.673	000000004211	158.391140	+0.644764	0.48350
000000000009	004	13.481	000000000042	151.935660	-0.014551	0.46490
000000000009	004	13.481	000000013123	151.943800	+0.036880	0.46800
000000000009	004	13.481	000000002040	151.955660	+0.095655	0.46650
000000000009	004	13.481	000000008018	151.941620	+0.049838	0.46650
000000000127	004	13.763	000000001334	160.859350	-0.295548	0.52380
000000000127	004	13.763	000000005965	160.859060	-0.306503	0.52430
000000000127	004	13.763	000000006123	160.847530	-0.333888	0.52270
000000000127	004	13.763	000000011522	160.884940	-0.248567	0.52650
000000000104	004	13.561	000000001049	161.865260	-0.377621	0.60240
000000000104	004	13.561	000000010547	161.848810	-0.418250	0.60500
000000000104	004	13.561	000000012105	161.899190	-0.390806	0.60460
000000000104	004	13.561	000000002764	161.962590	-0.380737	0.60240
000000000240	004	14.461	000000003118	141.971590	-0.137954	0.45400
000000000240	004	14.461	000000003632	141.998680	-0.164720	0.45940
000000000240	004	14.461	000000009647	141.961760	-0.113909	0.45890
000000000240	004	14.461	000000012303	141.976900	-0.135860	0.45520
000000000007	004	13.971	000000000033	224.060310	-0.030254	0.63670
000000000007	004	13.971	000000004820	224.030230	-0.098936	0.63990
000000000007	004	13.971	000000008405	224.073410	-0.057563	0.63750
000000000007	004	13.971	000000011282	224.028810	-0.049187	0.63530
000000000012	004	13.949	000000000074	345.571530	+0.333770	0.51690
000000000012	004	13.949	000000003551	345.543000	+0.302284	0.51790
000000000012	004	13.949	000000010855	345.580010	+0.386439	0.51620
000000000012	004	13.949	000000007026	345.496380	+0.290081	0.52040
000000000236	004	15.214	000000003046	191.171860	-0.097790	0.57560
000000000236	004	15.214	000000006938	191.141530	-0.053070	0.58050
000000000236	004	15.214	000000008313	191.177950	-0.097140	0.57500
000000000236	004	15.214	000000012405	191.140570	-0.041348	0.56850
000000000235	004	14.331	000000003035	010.637742	-0.370199	0.74560
000000000235	004	14.331	000000003296	010.509570	-0.268421	0.74440
000000000235	004	14.331	000000006575	010.322513	-0.176339	0.74120
000000000235	004	14.331	000000011070	010.176892	-0.228691	0.74740
000000000234	004	12.527	000000003026	222.801160	+0.054767	0.55810
000000000234	004	12.527	000000005053	222.797860	+0.056630	0.55940
000000000234	004	12.527	000000011834	222.766810	+0.079580	0.55830
000000000234	004	12.527	000000007611	222.736070	+0.090578	0.55810
000000000206	004	13.740	000000002539	191.623880	-0.532590	0.44870
000000000206	004	13.740	000000006023	191.697040	-0.514906	0.44780
000000000206	004	13.740	000000004363	191.740830	-0.512209	0.44790
000000000206	004	13.740	000000004595	191.733140	-0.537706	0.45110
000000000364	004	13.622	000000007679	141.488500	-0.093816	0.48860
000000000364	004	13.622	000000009267	141.464240	-0.066493	0.49150
000000000364	004	13.622	000000012645	141.488400	-0.131858	0.49080
000000000364	004	13.622	000000010054	141.437810	-0.028333	0.49170
000000000039	004	15.077	000000000291	223.291770	-0.014152	0.57170
000000000039	004	15.077	000000012142	223.333810	-0.020498	0.56180
000000000039	004	15.077	000000010513	223.344460	+0.048142	0.56450
000000000039	004	15.077	000000011288	223.399850	-0.006959	0.56310
000000000161	004	14.815	000000001850	156.494420	-0.138841	0.45890
000000000161	004	14.815	000000010497	156.474500	-0.125538	0.45940
000000000161	004	14.815	000000011255	156.422040	-0.094381	0.45270
000000000161	004	14.815	000000002290	156.436540	-0.053707	0.45350
000000000083	004	13.410	000000000787	141.163730	-0.065690	0.48230
000000000083	004	13.410	000000001506	141.150170	-0.062040	0.47950
000000000083	004	13.410	000000003266	141.212970	-0.095141	0.48060
000000000083	004	13.410	000000001776	141.248900	-0.126299	0.48150
000000000060	004	14.487	000000000525	199.565660	+0.117524	0.50350
000000000060	004	14.487	000000006796	199.580520	+0.105041	0.50160
000000000060	004	14.487	000000010081	199.540300	+0.091852	0.50760
000000000060	004	14.487	000000010506	199.561310	+0.085555	0.50660
000000000061	004	14.047	000000000531	150.585660	+0.179758	0.49140
000000000061	004	14.047	000000001769	150.551300	+0.185340	0.49100
000000000061	004	14.047	000000008938	150.567280	+0.188358	0.49190
000000000061	004	14.047	000000011111	150.572390	+0.219384	0.49530
000000000307	004	12.256	000000004833	162.196560	+0.452244	0.48170
000000000307	004	12.256	000000005251	162.223690	+0.471135	0.48220
000000000307	004	12.256	000000006106	162.230360	+0.465264	0.48260
000000000307	004	12.256	000000007069	162.270410	+0.487167	0.48150
000000000059	004	14.579	000000000521	185.577060	-0.608682	0.45250
000000000059	004	14.579	000000011064	185.575680	-0.596919	0.45860
000000000059	004	14.579	000000006469	185.579450	-0.565868	0.45790
000000000059	004	14.579	000000009656	185.596920	-0.550496	0.45850
000000000352	004	13.762	000000006735	220.231830	+0.636904	0.54220
000000000352	004	13.762	000000008095	220.271360	+0.615216	0.54050
000000000352	004	13.762	000000011604	220.201020	+0.676120	0.53830
000000000352	004	13.762	000000011804	220.316530	+0.588625	0.54060
000000000064	004	15.030	000000000563	013.305498	-0.960842	0.53410
000000000064	004	15.030	000000002093	013.343890	-0.967014	0.53270
000000000064	004	15.030	000000008166	013.396411	-0.961256	0.54160
000000000064	004	15.030	000000006998	013.407157	-0.958666	0.53940
000000000362	004	14.703	000000007618	342.295240	-0.182838	0.50490
000000000362	004	14.703	000000009978	342.320530	-0.179496	0.51090
000000000362	004	14.703	000000009240	342.362830	-0.186843	0.51180
000000000362	004	14.703	000000007648	342.372230	-0.202333	0.51150
000000000067	004	13.165	000000000588	224.678200	+0.059810	0.53540
000000000067	004	13.165	000000002541	224.666740	+0.029977	0.53310
000000000067	004	13.165	000000007303	224.670670	+0.057971	0.53490
000000000067	004	13.165	000000008656	224.663330	+0.054934	0.53490
000000000063	004	15.645	000000000545	167.353590	+0.251595	0.52950
000000000063	004	15.645	000000002520	167.363790	+0.214946	0.52670
000000000063	004	15.645	000000001008	167.407600	+0.233306	0.54200
000000000063	004	15.645	000000008521	167.399820	+0.247310	0.53010
000000000133	004	14.536	000000001403	348.251160	-0.237199	0.58440
000000000133	004	14.536	000000007740	348.229560	-0.255798	0.58610
000000000133	004	14.536	000000008977	348.222250	-0.250723	0.58750
000000000133	004	14.536	000000011497	348.256840	-0.220197	0.59130
000000000349	004	13.878	000000006317	137.913420	-0.641521	0.60380
000000000349	004	13.878	000000009091	137.912800	-0.679780	0.59960
000000000349	004	13.878	000000009305	137.870830	-0.654567	0.60200
000000000349	004	13.878	000000010438	137.915960	-0.664693	0.60270
000000000348	004	15.125	000000006150	163.885910	-0.530794	0.53160
000000000348	004	15.125	000000012980	163.922320	-0.490375	0.53180
000000000348	004	15.125	000000010360	163.961940	-0.483445	0.52230
000000000348	004	15.125	000000012563	163.971460	-0.487560	0.53060
000000000037	004	15.162	000000000286	190.522080	+0.532651	0.47580
000000000037	004	15.162	000000002608	190.473320	+0.516022	0.47880
000000000037	004	15.162	000000003217	190.542920	+0.545651	0.46790
000000000037	004	15.162	000000005918	190.565740	+0.499059	0.47350
000000000171	004	14.158	000000001967	203.624120	+0.357482	0.48730
000000000171	004	14.158	000000002602	203.649820	+0.355499	0.48220
000000000171	004	14.158	000000003940	203.640680	+0.354832	0.48420
000000000171	004	14.158	000000006434	203.653240	+0.356794	0.48540
000000000139	004	13.464	000000001499	209.596730	+0.050900	0.53310
000000000139	004	13.464	000000009217	209.586290	+0.058106	0.53110
000000000139	004	13.464	000000006369	209.537570	+0.055476	0.53370
000000000139	004	13.464	000000007139	209.492610	+0.061790	0.53140
000000000057	004	15.488	000000000505	201.458890	+0.200798	0.55380
000000000057	004	15.488	000000010907	201.475370	+0.256274	0.55300
000000000057	004	15.488	000000005793	201.512070	+0.290673	0.54110
000000000057	004	15.488	000000002524	201.559540	+0.316101	0.54600
000000000322	004	15.622	000000005151	160.105640	+0.620197	0.55360
000000000322	004	15.622	000000005198	160.055060	+0.608563	0.54150
000000000322	004	15.622	000000007197	160.079210	+0.553606	0.54710
000000000322	004	15.622	000000012168	160.056100	+0.615107	0.53840
000000000137	004	14.621	000000001467	187.641290	+0.279395	0.40310
000000000137	004	14.621	000000012740	187.640050	+0.106922	0.40290
000000000137	004	14.621	000000002573	187.642050	+0.246711	0.40870
000000000137	004	14.621	000000006007	187.628490	+0.009436	0.40230
000000000136	004	15.123	000000001450	139.701750	-0.240113	0.45850
000000000136	004	15.123	000000002726	139.675080	-0.192667	0.45840
000000000136	004	15.123	000000003065	139.710040	-0.256257	0.45500
000000000136	004	15.123	000000009642	139.731860	-0.274318	0.46560
000000000144	004	14.211	000000001568	343.642060	+0.014676	0.57780
000000000144	004	14.211	000000001922	343.584080	+0.028705	0.57290
000000000144	004	14.211	000000006454	343.576350	+0.014365	0.57730
000000000144	004	14.211	000000007228	343.592260	-0.007333	0.57720
000000000138	004	14.170	000000001498	204.255180	+0.021398	0.47740
000000000138	004	14.170	000000002742	204.290090	+0.053660	0.48190
000000000138	004	14.170	000000008839	204.260010	+0.086020	0.47780
000000000138	004	14.170	000000009438	204.303120	+0.059602	0.47760
000000000188	004	13.611	000000002232	185.510820	+0.186507	0.45830
000000000188	004	13.611	000000003821	185.538070	+0.178686	0.45760
000000000188	004	13.611	000000009318	185.488040	+0.136571	0.46080
000000000188	004	13.611	000000010101	185.482420	+0.124570	0.45840
000000000186	004	13.646	000000002222	035.323265	-0.607270	0.79300
000000000186	004	13.646	000000004385	035.435937	-0.454565	0.79140
000000000186	004	13.646	000000003625	035.134221	-0.095823	0.79300
000000000186	004	13.646	000000004360	035.097409	+0.052940	0.79520
000000000270	004	14.005	000000003674	167.307200	+0.189712	0.54060
000000000270	004	14.005	000000010281	167.285920	+0.155458	0.53990
000000000270	004	14.005	000000010043	167.300650	+0.197268	0.53670
000000000270	004	14.005	000000010923	167.277340	+0.118487	0.54090
000000000285	004	13.632	000000004030	321.647280	-0.498545	0.47320
000000000285	004	13.632	000000005371	321.650600	-0.468944	0.47400
000000000285	004	13.632	000000008627	321.646030	-0.517852	0.47120
000000000285	004	13.632	000000010052	321.628110	-0.491126	0.47120
000000000284	004	14.025	000000003993	204.780700	-0.544651	0.46600
000000000284	004	14.025	000000006249	204.835110	-0.558298	0.46810
000000000284	004	14.025	000000011588	204.894710	-0.560029	0.46940
000000000284	004	14.025	000000006117	204.893450	-0.578362	0.46520
000000000130	004	13.774	000000001344	321.022870	-0.103422	0.50320
000000000130	004	13.774	000000002216	321.044180	-0.130491	0.50690
000000000130	004	13.774	000000011221	321.008550	-0.087213	0.50610
000000000130	004	13.774	000000012651	321.024170	-0.160607	0.50500
000000000162	004	15.082	000000001855	218.287500	+0.422290	0.45330
000000000162	004	15.082	000000006140	218.258400	+0.420789	0.45520
000000000162	004	15.082	000000011144	218.236060	+0.395604	0.44540
000000000162	004	15.082	000000011728	218.246560	+0.403452	0.45280
000000000081	004	15.604	000000000768	199.853560	-0.017027	0.47330
000000000081	004	15.604	000000011114	199.904200	-0.038537	0.48640
000000000081	004	15.604	000000003934	199.877950	-0.072814	0.47310
000000000081	004	15.604	000000010099	199.912170	-0.013145	0.47400
000000000021	004	13.709	000000000147	153.177990	-0.662512	0.47680
000000000021	004	13.709	000000000898	153.166880	-0.698582	0.47660
000000000021	004	13.709	000000002533	153.172360	-0.703825	0.47550
000000000021	004	13.709	000000000396	153.147490	-0.725947	0.47910
000000000280	004	14.089	000000003881	010.287561	-0.730345	0.56380
000000000280	004	14.089	000000008882	010.305986	-0.723292	0.56660
000000000280	004	14.089	000000011668	010.315379	-0.665324	0.56560
000000000280	004	14.089	000000004345	010.284607	-0.627297	0.56190
000000000075	004	13.891	000000000679	219.091020	-0.072763	0.46560
000000000075	004	13.891	000000005572	219.097120	-0.077283	0.46170
000000000075	004	13.891	000000006037	219.075270	-0.068470	0.46410
000000000075	004	13.891	000000011867	219.090820	-0.063051	0.46250
000000000288	004	13.951	000000004092	342.512620	-0.645056	0.48180
000000000288	004	13.951	000000007850	342.477220	-0.688446	0.48320
000000000288	004	13.951	000000005745	342.441640	-0.727243	0.47950
000000000288	004	13.951	000000008636	342.515220	-0.714215	0.48350
000000000283	004	15.702	000000003972	321.479840	-0.533012	0.47630
000000000283	004	15.702	000000007474	321.495000	-0.575740	0.47950
000000000283	004	15.702	000000007796	321.498370	-0.547866	0.46500
000000000283	004	15.702	000000012357	321.492870	-0.533415	0.46730
000000000290	004	14.312	000000004100	210.773010	-0.478034	0.58120
000000000290	004	14.312	000000004112	210.788170	-0.539197	0.58660
000000000290	004	14.312	000000009280	210.844310	-0.557328	0.58620
000000000290	004	14.312	000000009670	210.893410	-0.551922	0.58520
000000000192	004	15.719	000000002312	152.285590	-0.006763	0.52890
000000000192	004	15.719	000000004432	152.294990	-0.004786	0.52730
000000000192	004	15.719	000000008199	152.277810	-0.003838	0.52390
000000000192	004	15.719	000000010141	152.293600	-0.019561	0.51300
000000000291	004	13.865	000000004146	142.163280	+0.046951	0.45530
000000000291	004	13.865	000000005088	142.165840	+0.041514	0.45520
000000000291	004	13.865	000000007400	142.158930	+0.072200	0.45760
000000000291	004	13.865	000000009378	142.140090	+0.045277	0.45860
000000000357	004	14.875	000000006985	199.657500	-0.453977	0.48320
000000000357	004	14.875	000000010641	199.671400	-0.481270	0.47700
000000000357	004	14.875	000000010736	199.618920	-0.417421	0.47580
000000000357	004	14.875	000000012797	199.601500	-0.378910	0.47510
000000000295	004	16.106	000000004342	204.202540	+0.341671	0.74150
000000000295	004	16.106	000000004710	204.294130	+0.182987	0.73810
000000000295	004	16.106	000000011202	204.235440	+0.155194	0.72770
000000000295	004	16.106	000000008229	204.323400	+0.396890	0.75240
000000000142	003	13.901	000000001523	210.373060	-0.704044	0.57760
000000000142	003	13.901	000000006486	210.395650	-0.663582	0.57780
000000000142	003	13.901	000000008361	210.385470	-0.665920	0.57440
000000000143	003	15.171	000000001536	225.846370	+0.383129	0.54590
000000000143	003	15.171	000000005455	225.861120	+0.353551	0.53600
000000000143	003	15.171	000000006404	225.865820	+0.361373	0.53960
000000000131	003	14.687	000000001389	035.079054	-0.619509	0.58460
000000000131	003	14.687	000000004897	035.053390	-0.645878	0.59050
000000000131	003	14.687	000000006551	035.028404	-0.688830	0.58430
000000000129	003	13.416	000000001341	203.035930	-0.478010	0.54860
000000000129	003	13.416	000000012716	202.986010	-0.462047	0.54670
000000000129	003	13.416	000000009150	202.933440	-0.459094	0.54610
000000000128	003	11.718	000000001335	323.864060	+0.208648	0.61230
000000000128	003	11.718	000000006515	323.815770	+0.252518	0.61210
000000000128	003	11.718	000000002507	323.738540	+0.238311	0.61160
000000000147	003	12.684	000000001617	137.780430	+0.048486	0.51200
000000000147	003	12.684	000000004287	137.810230	+0.034086	0.51060
000000000147	003	12.684	000000004888	137.746400	+0.061131	0.51090
000000000140	003	15.595	000000001501	010.404142	-0.295337	0.67550
000000000140	003	15.595	000000006813	010.524397	-0.390286	0.66500
000000000140	003	15.595	000000007715	010.449549	-0.449783	0.66180
000000000117	003	13.117	000000001236	220.907400	-0.968089	0.56110
000000000117	003	13.117	000000011767	220.958360	-0.986305	0.56160
000000000117	003	13.117	000000011862	220.892630	-0.971853	0.55960
000000000148	003	13.435	000000001639	226.672020	+0.133274	0.49880
000000000148	003	13.435	000000005779	226.669400	+0.133054	0.50120
000000000148	003	13.435	000000009815	226.643970	+0.097584	0.50090
000000000125	003	14.368	000000001293	347.839000	-0.466320	0.57760
000000000125	003	14.368	000000005462	347.794470	-0.505908	0.58290
000000000125	003	14.368	000000008807	347.834240	-0.457037	0.57910
000000000120	003	15.563	000000001256	154.217570	-0.876982	0.53170
000000000120	003	15.563	000000002251	154.228660	-0.847004	0.54460
000000000120	003	15.563	000000009403	154.231550	-0.844871	0.54170
000000000124	003	14.053	000000001289	226.695300	-0.836400	0.67930
000000000124	003	14.053	000000005916	226.819350	-0.914804	0.67710
000000000124	003	14.053	000000012848	226.724410	-0.871327	0.67490
000000000146	003	13.256	000000001607	223.882100	-0.245589	0.64910
000000000146	003	13.256	000000001821	223.802210	-0.240224	0.64900
000000000146	003	13.256	000000010441	223.714880	-0.205351	0.65110
000000000134	003	13.141	000000001410	204.197920	-0.351510	0.52340
000000000134	003	13.141	000000001794	204.199150	-0.377807	0.52450
000000000134	003	13.141	000000011122	204.199040	-0.347826	0.52550
000000000135	003	13.457	000000001430	342.558980	-0.280472	0.50280
000000000135	003	13.457	000000001484	342.511950	-0.269648	0.50360
000000000135	003	13.457	000000009029	342.468410	-0.255378	0.50540
000000000119	003	12.579	000000001247	204.846590	-0.523238	0.43250
000000000119	003	12.579	000000005897	204.809450	-0.449251	0.43260
000000000119	003	12.579	000000013114	204.850390	-0.499101	0.43370
000000000145	003	11.695	000000001593	321.475460	-0.199937	0.52770
000000000145	003	11.695	000000002459	321.514940	-0.158806	0.52710
000000000145	003	11.695	000000007522	321.487580	-0.151763	0.52710
000000000388	003	15.513	000000011976	348.523480	-0.265347	0.74170
000000000388	003	15.513	000000012791	348.457250	-0.477211	0.74830
000000000388	003	15.513	000000000658	348.725070	-0.154343	0.73460
000000000112	003	12.924	000000001155	224.321460	-0.668728	0.57640
000000000112	003	12.924	000000002672	224.364710	-0.641008	0.57820
000000000112	003	12.924	000000005389	224.324040	-0.680618	0.57720
000000000033	003	15.000	000000000265	348.592430	-0.060664	0.48780
000000000033	003	15.000	000000001319	348.578630	-0.107718	0.48780
000000000033	003	15.000	000000009283	348.553020	-0.050270	0.48030
000000000034	003	14.714	000000000273	220.386120	-0.899518	0.53760
000000000034	003	14.714	000000001562	220.366010	-0.878453	0.53670
000000000034	003	14.714	000000011992	220.371720	-0.904398	0.53110
000000000035	003	12.887	000000000276	199.808950	+0.447259	0.51540
000000000035	003	12.887	000000006873	199.791760	+0.447314	0.51600
000000000035	003	12.887	000000009783	199.855630	+0.452275	0.51430
000000000038	003	16.030	000000000290	325.793650	-1.024625	0.55210
000000000038	003	16.030	000000004658	325.806410	-1.016087	0.54700
000000000038	003	16.030	000000011248	325.739080	-1.019389	0.56580
000000000032	003	15.466	000000000258	035.746617	+0.699692	0.48190
000000000032	003	15.466	000000003396	035.752367	+0.660692	0.48110
000000000032	003	15.466	000000004180	035.757150	+0.722676	0.49220
000000000042	003	14.741	000000000301	348.877110	-0.105041	0.56460
000000000042	003	14.741	000000008705	348.899100	-0.148235	0.57140
000000000042	003	14.741	000000005585	348.910280	-0.168874	0.57020
000000000040	003	14.775	000000000294	322.837670	+0.354831	0.49890
000000000040	003	14.775	000000001705	322.797850	+0.329292	0.50090
000000000040	003	14.775	000000009855	322.857160	+0.402146	0.50600
000000000046	003	15.439	000000000342	150.767540	-0.597785	0.55140
000000000046	003	15.439	000000004379	150.775160	-0.549343	0.54950
000000000046	003	15.439	000000007347	150.811910	-0.509297	0.53990
000000000049	003	14.422	000000000352	321.041110	-0.047636	0.52620
000000000049	003	14.422	000000001477	321.005440	-0.078195	0.53080
000000000049	003	14.422	000000011815	321.028120	-0.122125	0.53130
000000000050	003	12.940	000000000364	206.627220	-0.285655	0.55260
000000000050	003	12.940	000000003175	206.671000	-0.286930	0.55370
000000000050	003	12.940	000000009687	206.637590	-0.288788	0.55440
000000000051	003	11.815	000000000400	204.859010	+0.381208	0.51460
000000000051	003	11.815	000000004529	204.902490	+0.405381	0.51520
000000000051	003	11.815	000000008895	204.905740	+0.391845	0.51450
000000000045	003	16.086	000000000338	205.077680	-0.600259	0.44430
000000000045	003	16.086	000000002319	205.128040	-0.593686	0.45230
000000000045	003	16.086	000000007875	205.102160	-0.587453	0.43270
000000000052	003	15.813	000000000410	153.291570	-0.202770	0.55600
000000000052	003	15.813	000000009347	153.284470	-0.151039	0.56410
000000000052	003	15.813	000000011732	153.286050	-0.194168	0.57250
000000000031	003	15.430	000000000249	204.778840	-0.812585	0.43220
000000000031	003	15.430	000000006487	204.687060	-0.842102	0.43800
000000000031	003	15.430	000000011525	204.823300	-0.861181	0.44410
000000000026	003	14.892	000000000207	320.808560	-0.336617	0.51580
000000000026	003	14.892	000000000422	320.808640	-0.300014	0.50890
000000000026	003	14.892	000000011584	320.808760	-0.303838	0.50880
000000000004	003	14.720	000000000025	185.179970	-0.508935	0.68400
000000000004	003	14.720	000000003227	185.124300	-0.631368	0.68690
000000000004	003	14.720	000000009497	185.145430	-0.434675	0.67960
000000000013	003	13.065	000000000093	348.290940	-0.793884	0.56740
000000000013	003	13.065	000000000215	348.292510	-0.750239	0.56650
000000000013	003	13.065	000000013055	348.321040	-0.732632	0.56540
000000000015	003	12.555	000000000116	205.219430	-0.439655	0.44220
000000000015	003	12.555	000000002843	205.214700	-0.453766	0.44270
000000000015	003	12.555	000000013053	205.299860	-0.456872	0.44350
000000000016	003	13.625	000000000119	205.942530	-0.200700	0.70550
000000000016	003	13.625	000000003240	205.886740	-0.354302	0.70520
000000000016	003	13.625	000000008209	205.880180	-0.306152	0.70810
000000000030	003	14.558	000000000243	313.977030	+0.495828	0.71470
000000000030	003	14.558	000000003213	313.968880	+0.622884	0.71570
000000000030	003	14.558	000000004093	314.098390	+0.467539	0.72080
000000000019	003	13.565	000000000140	199.704150	+0.141689	0.63920
000000000019	003	13.565	000000005189	199.623250	+0.087568	0.64130
000000000019	003	13.565	000000009731	199.556350	+0.102799	0.63840
000000000018	003	11.596	000000000139	185.303440	+0.188230	0.53280
000000000018	003	11.596	000000012117	185.289850	+0.226747	0.53220
000000000018	003	11.596	000000001032	185.277400	+0.241073	0.53230
000000000022	003	14.913	000000000154	162.536840	+0.055238	0.58800
000000000022	003	14.913	000000005962	162.513040	+0.011196	0.58510
000000000022	003	14.913	000000008090	162.516430	+0.007052	0.57980
000000000023	003	14.450	000000000157	159.643760	-1.078039	0.55610
000000000023	003	14.450	000000012509	159.682290	-1.063461	0.56130
000000000023	003	14.450	000000003804	159.722900	-1.021595	0.55650
000000000024	003	14.570	000000000192	205.912060	-0.923243	0.55220
000000000024	003	14.570	000000009092	205.898990	-0.901262	0.54590
000000000024	003	14.570	000000003105	205.875560	-0.869568	0.54960
000000000025	003	12.721	000000000198	226.771810	+0.830064	0.50360
000000000025	003	12.721	000000002730	226.730820	+0.798918	0.50500
000000000025	003	12.721	000000008721	226.767700	+0.800063	0.50480
000000000020	003	16.099	000000000144	013.196919	-0.157182	0.63060
000000000020	003	16.099	000000009966	013.237093	-0.176448	0.61750
000000000020	003	16.099	000000010616	013.231473	-0.158340	0.61000
000000000113	003	13.751	000000001162	012.034844	+0.587310	0.57480
000000000113	003	13.751	000000003354	011.988078	+0.628304	0.57660
000000000113	003	13.751	000000010326	011.986127	+0.562108	0.57820
000000000055	003	15.181	000000000482	150.360140	-0.322388	0.51990
000000000055	003	15.181	000000001728	150.393570	-0.313008	0.52840
000000000055	003	15.181	000000008205	150.362390	-0.334258	0.51950
000000000053	003	13.044	000000000442	222.089730	+0.444816	0.43970
000000000053	003	13.044	000000002574	222.131240	+0.497980	0.44050
000000000053	003	13.044	000000006606	222.158420	+0.422226	0.44160
000000000062	003	13.380	000000000535	140.475340	+0.095062	0.49770
000000000062	003	13.380	000000003419	140.483090	+0.089779	0.49520
000000000062	003	13.380	000000011240	140.478400	+0.093458	0.49660
000000000096	003	13.476	000000000964	151.671640	-0.218853	0.44740
000000000096	003	13.476	000000007953	151.668360	-0.229623	0.45000
000000000096	003	13.476	000000002024	151.708720	-0.163795	0.44920
000000000099	003	13.691	000000000981	220.268560	-0.658432	0.55690
000000000099	003	13.691	000000012766	220.326790	-0.673788	0.55810
000000000099	003	13.691	000000010529	220.348960	-0.704833	0.56010
000000000102	003	15.652	000000001026	325.454940	-0.424418	0.53720
000000000102	003	15.652	000000001273	325.493120	-0.465760	0.55060
000000000102	003	15.652	000000009039	325.458250	-0.423265	0.53910
000000000103	003	15.507	000000001048	202.745750	-0.506595	0.47480
000000000103	003	15.507	000000003144	202.748580	-0.495063	0.48640
000000000103	003	15.507	000000007251	202.782040	-0.477803	0.47600
000000000092	003	13.940	000000000915	228.441580	-0.771046	0.54160
000000000092	003	13.940	000000007273	228.476660	-0.814219	0.53790
000000000092	003	13.940	000000011985	228.439000	-0.781967	0.54080
000000000106	003	12.140	000000001060	212.935370	-0.717642	0.65150
000000000106	003	12.140	000000002932	212.928190	-0.704706	0.65050
000000000106	003	12.140	000000006812	212.816440	-0.726518	0.65090
000000000105	003	13.981	000000001059	207.156240	+0.093678	0.50650
000000000105	003	13.981	000000007918	207.161220	+0.047658	0.51000
000000000105	003	13.981	000000002768	207.108880	+0.029254	0.50660
000000000108	003	12.563	000000001090	204.398100	+0.040173	0.47730
000000000108	003	12.563	000000012399	204.391270	+0.065880	0.47600
000000000108	003	12.563	000000013057	204.411570	+0.066199	0.47640
000000000109	003	14.818	000000001107	009.152921	-0.580176	0.65610
000000000109	003	14.818	000000011927	009.081624	-0.610885	0.66170
000000000109	003	14.818	000000004243	009.027787	-0.593081	0.66370
000000000110	003	14.961	000000001108	211.138850	-0.020363	0.44870
000000000110	003	14.961	000000003209	211.082070	-0.039988	0.44040
000000000110	003	14.961	000000011620	211.093470	+0.006454	0.44410
000000000111	003	15.609	000000001134	219.316380	-0.463573	0.33400
000000000111	003	15.609	000000003317	219.538340	-0.440606	0.32440
000000000111	003	15.609	000000010486	219.558130	-0.440442	0.32130
000000000107	003	12.939	000000001070	167.860050	-0.480654	0.55640
000000000107	003	12.939	000000005933	167.826750	-0.518703	0.55780
000000000107	003	12.939	000000010800	167.839980	-0.540896	0.55810
000000000058	003	13.915	000000000510	033.946026	+0.549079	0.74720
000000000058	003	13.915	000000011078	033.827226	+0.521692	0.74880
000000000058	003	13.915	000000012758	034.011680	+0.461269	0.75120
000000000091	003	15.189	000000000902	204.631040	-0.654265	0.38870
000000000091	003	15.189	000000005571	204.598740	-0.727568	0.39700
000000000091	003	15.189	000000006381	204.501340	-0.838941	0.38840
000000000086	003	13.040	000000000853	218.921460	-0.953419	0.49560
000000000086	003	13.040	000000001977	218.916430	-0.951357	0.49530
000000000086	003	13.040	000000013019	218.902490	-0.945738	0.49380
000000000065	003	15.267	000000000574	223.214720	-0.328732	0.58680
000000000065	003	15.267	000000002137	223.239310	-0.368022	0.57690
000000000065	003	15.267	000000002943	223.188080	-0.389939	0.57790
000000000068	003	14.293	000000000594	141.480240	-0.488141	0.46500
000000000068	003	14.293	000000008991	141.449720	-0.494727	0.46770
000000000068	003	14.293	000000009344	141.470500	-0.508665	0.46270
000000000069	003	13.410	000000000622	321.724890	-0.320691	0.47270
000000000069	003	13.410	000000012160	321.717250	-0.369206	0.47500
000000000069	003	13.410	000000006881	321.676650	-0.389505	0.47290
000000000071	003	15.802	000000000638	225.811160	+0.171392	0.45780
000000000071	003	15.802	000000004179	225.821960	+0.109891	0.47030
000000000071	003	15.802	000000004640	225.800830	+0.148450	0.45550
000000000089	003	15.780	000000000879	349.400220	+0.274842	0.52440
000000000089	003	15.780	000000008036	349.394870	+0.302885	0.52500
000000000089	003	15.780	000000012244	349.371670	+0.354101	0.53850
000000000073	003	11.719	000000000660	226.262160	+0.550314	0.50800
000000000073	003	11.719	000000005346	226.258250	+0.537055	0.50870
000000000073	003	11.719	000000007062	226.210980	+0.558958	0.50840
000000000072	003	15.193	000000000642	227.830080	-0.131013	0.51570
000000000072	003	15.193	000000002245	227.842930	-0.140608	0.51200
000000000072	003	15.193	000000002385	227.803910	-0.123021	0.50570
000000000076	003	13.174	000000000704	321.667990	-0.202947	0.52710
000000000076	003	13.174	000000009027	321.609950	-0.208490	0.52910
000000000076	003	13.174	000000005831	321.669840	-0.203720	0.52740
000000000080	003	14.055	000000000743	150.214380	+0.268230	0.49790
000000000080	003	14.055	000000007629	150.240690	+0.240112	0.49600
000000000080	003	14.055	000000007921	150.190190	+0.281940	0.49370
000000000082	003	12.977	000000000776	220.959180	-0.538351	0.53460
000000000082	003	12.977	000000001613	220.915060	-0.536030	0.53510
000000000082	003	12.977	000000001852	220.913730	-0.537415	0.53640
000000000151	003	12.012	000000001672	152.508210	-0.598897	0.47520
000000000151	003	12.012	000000006163	152.522110	-0.598083	0.47590
000000000151	003	12.012	000000006894	152.495500	-0.588923	0.47510
000000000074	003	10.276	000000000676	322.371500	+0.191735	0.48910
000000000074	003	10.276	000000008434	322.340630	+0.163238	0.48910
000000000074	003	10.276	000000006460	322.380650	+0.201886	0.48890
000000000152	003	13.912	000000001676	186.942840	-0.001044	0.59840
000000000152	003	13.912	000000009871	186.964530	-0.007903	0.59850
000000000152	003	13.912	000000011011	186.971240	+0.020566	0.60180
000000000194	003	14.040	000000002352	185.914170	-0.686742	0.49620
000000000194	003	14.040	000000006043	185.923090	-0.692832	0.49940
000000000194	003	14.040	000000007599	185.921950	-0.703119	0.49550
000000000154	003	15.537	000000001730	225.245720	-0.465898	0.46960
000000000154	003	15.537	000000011094	225.251320	-0.411929	0.46160
000000000154	003	15.537	000000007807	225.271270	-0.410667	0.47450
000000000319	003	16.316	000000005079	009.767153	-0.061153	0.54120
000000000319	003	16.316	000000006413	009.770044	-0.024037	0.52800
000000000319	003	16.316	000000010125	009.828653	-0.050043	0.55210
000000000320	003	15.630	000000005102	156.138290	+0.373437	0.48790
000000000320	003	15.630	000000007895	156.175060	+0.387796	0.50020
000000000320	003	15.630	000000008851	156.192100	+0.348391	0.50000
000000000317	003	13.873	000000005055	152.260680	-0.023220	0.42050
000000000317	003	13.873	000000005917	152.267920	-0.080550	0.42030
000000000317	003	13.873	000000008298	152.198250	-0.043894	0.42350
000000000318	003	13.884	000000005058	015.312028	-0.824792	0.64220
000000000318	003	13.884	000000011072	015.361000	-0.725975	0.63990
000000000318	003	13.884	000000009023	015.466392	-0.730214	0.63840
000000000315	003	15.581	000000004994	152.985810	+0.360387	0.51660
000000000315	003	15.581	000000006217	153.036520	+0.351191	0.51680
000000000315	003	15.581	000000010435	153.038520	+0.371112	0.50490
000000000316	003	15.289	000000005006	201.898670	-0.749324	0.57190
000000000316	003	15.289	000000009643	201.931550	-0.775278	0.58290
000000000316	003	15.289	000000012686	201.955520	-0.773641	0.57630
000000000314	003	15.290	000000004978	011.188904	-0.555317	0.74490
000000000314	003	15.290	000000006080	011.128273	-0.542393	0.75620
000000000314	003	15.290	000000008964	011.001814	-0.382864	0.74840
000000000323	003	12.596	000000005169	325.299200	-0.626084	0.58350
000000000323	003	12.596	000000005648	325.261990	-0.623415	0.58430
000000000323	003	12.596	000000006679	325.312420	-0.608216	0.58490
000000000321	003	13.254	000000005120	351.878110	+0.004352	0.41910
000000000321	003	13.254	000000010942	351.908280	-0.037342	0.41830
000000000321	003	13.254	000000011386	351.878120	+0.002157	0.41690
000000000326	003	15.547	000000005227	199.188820	+0.265646	0.50210
000000000326	003	15.547	000000005813	199.215200	+0.270507	0.50300
000000000326	003	15.547	000000008494	199.205870	+0.291023	0.51400
000000000332	003	15.022	000000005664	224.968950	+0.492472	0.45310
000000000332	003	15.022	000000008069	225.022260	+0.463492	0.44560
000000000332	003	15.022	000000006599	225.035650	+0.518085	0.44550
000000000325	003	15.614	000000005208	205.844640	+0.046741	0.51880
000000000325	003	15.614	000000011493	205.793370	+0.058279	0.53100
000000000325	003	15.614	000000006706	205.788110	+0.023947	0.53090
000000000330	003	12.689	000000005543	351.300810	-0.410916	0.49650
000000000330	003	12.689	000000008683	351.326330	-0.436742	0.49510
000000000330	003	12.689	000000012198	351.293990	-0.388218	0.49620
000000000331	003	16.306	000000005615	142.098800	-0.276278	0.43320
000000000331	003	16.306	000000011116	142.197270	-0.261267	0.44360
000000000331	003	16.306	000000007531	142.134940	-0.188440	0.45650
000000000327	003	11.998	000000005264	151.138960	+0.223494	0.51580
000000000327	003	11.998	000000010471	151.136880	+0.223619	0.51590
000000000327	003	11.998	000000012411	151.144580	+0.210180	0.51660
000000000328	003	15.952	000000005294	150.309820	+0.189127	0.49690
000000000328	003	15.952	000000006780	150.309410	+0.140156	0.49220
000000000328	003	15.952	000000011441	150.326660	+0.187828	0.47950
000000000333	003	14.718	000000005778	206.281490	-0.740177	0.49530
000000000333	003	14.718	000000006969	206.291340	-0.739236	0.50200
000000000333	003	14.718	000000007754	206.305220	-0.704515	0.49690
000000000313	003	13.727	000000004929	187.258800	+0.631410	0.57760
000000000313	003	13.727	000000005693	187.270280	+0.642769	0.57970
000000000313	003	13.727	000000007120	187.268980	+0.607595	0.57640
000000000311	003	14.477	000000004895	204.647090	+0.303224	0.45610
000000000311	003	14.477	000000008945	204.599010	+0.262091	0.46140
000000000311	003	14.477	000000009568	204.554490	+0.256725	0.46070
000000000298	003	14.045	000000004560	157.632890	-0.016908	0.49260
000000000298	003	14.045	000000007758	157.627280	-0.026808	0.49120
000000000298	003	14.045	000000009658	157.632370	-0.044649	0.48850
000000000299	003	13.650	000000004578	323.316640	-0.206162	0.46140
000000000299	003	13.650	000000004649	323.304230	-0.153224	0.46440
000000000299	003	13.650	000000011780	323.268720	-0.183177	0.46240
000000000296	003	14.118	000000004511	015.093263	+0.246706	0.48750
000000000296	003	14.118	000000007879	015.140706	+0.230625	0.48710
000000000296	003	14.118	000000010712	015.124760	+0.236650	0.49110
000000000297	003	14.588	000000004554	192.546860	-0.217987	0.52200
000000000297	003	14.588	000000010282	192.597400	-0.243037	0.52720
000000000297	003	14.588	000000011796	192.601800	-0.290531	0.52780
000000000293	003	13.233	000000004262	222.484410	-0.505827	0.55400
000000000293	003	13.233	000000004275	222.475880	-0.497744	0.55370
000000000293	003	13.233	000000010799	222.503120	-0.522555	0.55580
000000000294	003	15.107	000000004267	161.235490	+0.056905	0.43840
000000000294	003	15.107	000000007916	161.159130	+0.118623	0.44310
000000000294	003	15.107	000000011077	161.286700	+0.137765	0.44770
000000000312	003	12.873	000000004927	009.567140	+0.499738	0.55610
000000000312	003	12.873	000000008431	009.529360	+0.485027	0.55720
000000000312	003	12.873	000000006940	009.499328	+0.442167	0.55550
000000000301	003	11.279	000000004679	163.979980	-0.339124	0.52580
000000000301	003	11.279	000000010260	164.002950	-0.328243	0.52630
000000000301	003	11.279	000000012152	164.052970	-0.306285	0.52610
000000000300	003	14.803	000000004621	156.738150	-0.664597	0.56920
000000000300	003	14.803	000000007742	156.741500	-0.681828	0.57270
000000000300	003	14.803	000000012978	156.742180	-0.678396	0.56510
000000000303	003	15.469	000000004734	203.915280	+0.689521	0.66030
000000000303	003	15.469	000000009251	203.995520	+0.573681	0.67050
000000000303	003	15.469	000000005767	203.994500	+0.568161	0.67240
000000000310	003	15.920	000000004885	163.469140	-0.062838	0.50430
000000000310	003	15.920	000000012746	163.463500	-0.095814	0.49560
000000000310	003	15.920	000000009200	163.506590	-0.114250	0.48670
000000000302	003	14.341	000000004680	154.047870	+0.114262	0.46470
000000000302	003	14.341	000000011540	154.051080	+0.104484	0.46640
000000000302	003	14.341	000000012268	154.043220	+0.080894	0.46130
000000000308	003	13.804	000000004870	218.123900	+0.030056	0.54720
000000000308	003	13.804	000000007839	218.126220	+0.041802	0.54660
000000000308	003	13.804	000000012518	218.119910	+0.027835	0.54990
000000000309	003	11.501	000000004876	013.720833	+0.296237	0.54470
000000000309	003	11.501	000000008122	013.668444	+0.299099	0.54500
000000000309	003	11.501	000000010119	013.728474	+0.316990	0.54530
000000000304	003	14.076	000000004788	010.779958	-0.028800	0.46660
000000000304	003	14.076	000000007514	010.817065	-0.031066	0.46500
000000000304	003	14.076	000000009339	010.816436	+0.015536	0.46920
000000000305	003	15.557	000000004827	153.026840	-0.623048	0.46540
000000000305	003	15.557	000000008346	153.036520	-0.621672	0.47710
000000000305	003	15.557	000000008748	153.010940	-0.673273	0.46590
000000000292	003	13.693	000000004254	157.544170	+0.290655	0.52820
000000000292	003	13.693	000000005062	157.572540	+0.281009	0.53120
000000000292	003	13.693	000000010373	157.595270	+0.297824	0.52870
000000000335	003	13.774	000000005806	141.905990	-0.238060	0.45840
000000000335	003	13.774	000000008429	141.894310	-0.255416	0.45860
000000000335	003	13.774	000000012223	141.924030	-0.198570	0.45560
000000000337	003	16.192	000000005834	352.396370	+0.291038	0.43230
000000000337	003	16.192	000000003735	352.346090	+0.205166	0.44140
000000000337	003	16.192	000000012892	352.403410	+0.267481	0.45360
000000000377	003	14.447	000000009057	162.648490	+0.518410	0.48360
000000000377	003	14.447	000000010020	162.633880	+0.513269	0.47860
000000000377	003	14.447	000000012658	162.701160	+0.519091	0.48340
000000000378	003	14.528	000000009183	205.480750	-0.482266	0.41580
000000000378	003	14.528	000000010090	205.492240	-0.433587	0.41640
000000000378	003	14.528	000000010899	205.543440	-0.506750	0.42120
000000000375	003	14.157	000000008874	158.762470	-0.161388	0.45660
000000000375	003	14.157	000000011843	158.737150	-0.167890	0.45560
000000000375	003	14.157	000000012545	158.709650	-0.111588	0.45990
000000000376	003	14.970	000000008909	012.221230	-1.012294	0.73160
000000000376	003	14.970	000000009856	012.099547	-0.933085	0.72500
000000000376	003	14.970	000000010150	012.090473	-0.859634	0.72300
000000000370	003	15.539	000000008059	036.368261	-0.764286	0.59580
000000000370	003	15.539	000000008881	036.325974	-0.743994	0.58420
000000000370	003	15.539	000000008439	036.295378	-0.731621	0.58410
000000000372	003	12.967	000000008222	035.291901	-0.477362	0.47550
000000000372	003	12.967	000000009890	035.296183	-0.446876	0.47480
000000000372	003	12.967	000000012182	035.289385	-0.429593	0.47660
000000000368	003	14.399	000000007817	219.754360	-0.529480	0.54340
000000000368	003	14.399	000000009093	219.785450	-0.526823	0.54340
000000000368	003	14.399	000000011603	219.755720	-0.527786	0.53860
000000000380	003	15.701	000000009500	155.454380	-0.319459	0.61930
000000000380	003	15.701	000000003753	155.404070	-0.388262	0.60660
000000000380	003	15.701	000000010273	155.373360	-0.296517	0.62040
000000000379	003	15.215	000000009435	203.086190	-0.119660	0.47080
000000000379	003	15.215	000000012392	203.084810	-0.104636	0.47480
000000000379	003	15.215	000000011844	203.085520	-0.058345	0.46470
000000000382	003	11.925	000000009714	222.052010	+0.228170	0.44300
000000000382	003	11.925	000000010754	222.063450	+0.210237	0.44300
000000000382	003	11.925	000000013023	222.044490	+0.247705	0.44230
000000000387	003	11.724	000000010776	199.726540	-0.618073	0.49350
000000000387	003	11.724	000000013121	199.755300	-0.581063	0.49420
000000000387	003	11.724	000000011458	199.771090	-0.564715	0.49390
000000000381	003	13.935	000000009619	162.074580	-0.403958	0.60150
000000000381	003	13.935	000000011373	162.132090	-0.430385	0.59870
000000000381	003	13.935	000000013118	162.057240	-0.396171	0.59770
000000000385	003	12.891	000000010498	203.681800	+0.228221	0.51950
000000000385	003	12.891	000000011768	203.675650	+0.188892	0.52100
000000000385	003	12.891	000000013047	203.675700	+0.145311	0.52100
000000000386	003	14.772	000000010544	186.212700	-0.656890	0.55320
000000000386	003	14.772	000000010642	186.249710	-0.660781	0.54930
000000000386	003	14.772	000000012269	186.192880	-0.653420	0.55670
000000000383	003	14.533	000000010304	321.414790	-0.447726	0.75280
000000000383	003	14.533	000000011195	321.481220	-0.638410	0.74710
000000000383	003	14.533	000000011307	321.627300	-0.695738	0.74730
000000000384	003	13.853	000000010320	350.622640	+0.405401	0.47820
000000000384	003	13.853	000000010832	350.649010	+0.397596	0.48120
000000000384	003	13.853	000000012493	350.695900	+0.380732	0.48140
000000000336	003	14.987	000000005824	210.745280	-0.353001	0.43330
000000000336	003	14.987	000000006951	210.824830	-0.337025	0.43490
000000000336	003	14.987	000000012323	210.808040	-0.319802	0.44130
000000000366	003	15.781	000000007707	221.944280	-0.915808	0.52750
000000000366	003	15.781	000000012909	221.975970	-0.955464	0.52570
000000000366	003	15.781	000000008896	221.961310	-0.977347	0.51290
000000000363	003	13.533	000000007654	323.812340	-0.645568	0.58440
000000000363	003	13.533	000000010295	323.828000	-0.711922	0.58520
000000000363	003	13.533	000000008978	323.838120	-0.716077	0.58720
000000000344	003	13.027	000000005996	202.394990	+0.006680	0.49140
000000000344	003	13.027	000000008709	202.359610	-0.009090	0.49060
000000000344	003	13.027	000000009015	202.371530	+0.013536	0.49250
000000000346	003	12.317	000000006035	010.309924	+0.189665	0.51540
000000000346	003	12.317	000000010168	010.294527	+0.147284	0.51470
000000000346	003	12.317	000000006419	010.307750	+0.116991	0.51580
000000000340	003	12.839	000000005860	185.707310	+0.112154	0.45740
000000000340	003	12.839	000000007463	185.709840	+0.145888	0.45900
000000000340	003	12.839	000000010031	185.742460	+0.179177	0.45790
000000000343	003	13.881	000000005978	209.849830	+0.081624	0.53050
000000000343	003	13.881	000000009198	209.892930	+0.076988	0.53410
000000000343	003	13.881	000000009282	209.902750	+0.070224	0.53310
000000000338	003	15.624	000000005841	185.164560	-0.712256	0.76660
000000000338	003	15.624	000000009747	185.344090	-0.428019	0.75870
000000000338	003	15.624	000000005959	185.248880	-0.235820	0.77370
000000000339	003	15.776	000000005853	225.468050	-0.801950	0.65740
000000000339	003	15.776	000000007330	225.467230	-0.765733	0.65990
000000000339	003	15.776	000000009067	225.384920	-0.869681	0.64460
000000000365	003	14.552	000000007681	152.656830	-0.489158	0.52230
000000000365	003	14.552	000000008302	152.667810	-0.469939	0.52360
000000000365	003	14.552	000000009929	152.641790	-0.489180	0.51770
000000000350	003	13.065	000000006331	154.177420	+0.030000	0.50070
000000000350	003	13.065	000000006960	154.200090	+0.039077	0.50260
000000000350	003	13.065	000000010166	154.166370	+0.025225	0.50120
000000000347	003	14.506	000000006137	203.521620	+0.309216	0.47720
000000000347	003	14.506	000000008264	203.530020	+0.362972	0.47300
000000000347	003	14.506	000000011543	203.537020	+0.334570	0.47150
000000000354	003	13.065	000000006807	211.501630	-0.773100	0.56070
000000000354	003	13.065	000000008442	211.500490	-0.771567	0.55970
000000000354	003	13.065	000000009028	211.483200	-0.733333	0.56170
000000000361	003	16.081	000000007386	158.915950	-0.397007	0.54500
000000000361	003	16.081	000000010847	158.944440	-0.432813	0.53850
000000000361	003	16.081	000000010934	158.880320	-0.415678	0.55830
000000000353	003	14.360	000000006757	188.813970	-0.619183	0.50890
000000000353	003	14.360	000000008412	188.790870	-0.667978	0.50390
000000000353	003	14.360	000000010402	188.805350	-0.666243	0.50480
000000000358	003	14.550	000000007036	202.452530	+0.298722	0.50400
000000000358	003	14.550	000000010515	202.442460	+0.337871	0.50990
000000000358	003	14.550	000000011043	202.444550	+0.292837	0.50540
000000000359	003	15.933	000000007106	162.591260	-0.804543	0.47430
000000000359	003	15.933	000000013094	162.620810	-0.800599	0.46150
000000000359	003	15.933	000000007583	162.595700	-0.783684	0.45740
000000000355	003	13.320	000000006886	191.636980	-0.302650	0.48380
000000000355	003	13.320	000000011563	191.639640	-0.279213	0.48600
000000000355	003	13.320	000000012188	191.637460	-0.262657	0.48570
000000000356	003	13.662	000000006887	166.375720	-0.397951	0.50460
000000000356	003	13.662	000000008217	166.418430	-0.416065	0.50730
000000000356	003	13.662	000000013003	166.334420	-0.413778	0.50460
000000000153	003	15.673	000000001729	327.878560	+0.298799	0.44770
000000000153	003	15.673	000000008258	327.862420	+0.240964	0.46060
000000000153	003	15.673	000000006398	327.844820	+0.215501	0.45970
000000000286	003	13.890	000000004054	226.085590	-0.450433	0.53630
000000000286	003	13.890	000000004713	226.088520	-0.464905	0.53720
000000000286	003	13.890	000000004222	226.101580	-0.472694	0.53990
000000000287	003	14.555	000000004090	190.464570	-0.081487	0.52550
000000000287	003	14.555	000000008446	190.468510	-0.051668	0.51950
000000000287	003	14.555	000000009527	190.466050	-0.024507	0.52110
000000000281	003	13.835	000000003908	224.804170	-0.701618	0.43460
000000000281	003	13.835	000000009223	224.807380	-0.690588	0.43560
000000000281	003	13.835	000000012115	224.828380	-0.734843	0.43800
000000000196	003	15.440	000000002354	204.211930	-0.361717	0.46260
000000000196	003	15.440	000000006364	204.233560	-0.384912	0.47370
000000000196	003	15.440	000000011336	204.224500	-0.350393	0.47230
000000000198	003	13.229	000000002371	156.636430	-0.517062	0.56810
000000000198	003	13.229	000000003194	156.601770	-0.524067	0.56970
000000000198	003	13.229	000000011653	156.628180	-0.536345	0.57030
000000000001	003	14.421	000000000004	141.250420	-0.851818	0.43330
000000000001	003	14.421	000000001138	141.264910	-0.852119	0.43740
000000000001	003	14.421	000000012769	141.239970	-0.880985	0.43850
000000000195	003	13.821	000000002353	150.591850	-0.686799	0.56900
000000000195	003	13.821	000000007418	150.549240	-0.706115	0.56660
000000000195	003	13.821	000000009651	150.554520	-0.743120	0.56550
000000000190	003	13.005	000000002244	140.173730	-0.751648	0.45660
000000000190	003	13.005	000000005501	140.228850	-0.772354	0.45510
000000000190	003	13.005	000000007961	140.293540	-0.756562	0.45490
000000000193	003	14.087	000000002320	035.926679	-1.241625	0.43860
000000000193	003	14.087	000000003984	035.962377	-1.174113	0.43910
000000000193	003	14.087	000000012393	035.827392	-1.217176	0.43520
000000000189	003	12.322	000000002238	223.607360	-0.161362	0.58060
000000000189	003	12.322	000000006074	223.551640	-0.145118	0.58140
000000000189	003	12.322	000000007313	223.563120	-0.129162	0.58170
000000000201	003	14.769	000000002436	343.918740	-0.340067	0.54620
000000000201	003	14.769	000000010645	343.918300	-0.302964	0.55120
000000000201	003	14.769	000000012680	343.915820	-0.368949	0.55340
000000000200	003	15.146	000000002413	151.920510	+0.123998	0.52370
000000000200	003	15.146	000000003386	151.941050	+0.144595	0.53140
000000000200	003	15.146	000000012709	151.949270	+0.169613	0.53280
000000000203	003	15.949	000000002482	229.128720	-0.851117	0.65460
000000000203	003	15.949	000000008673	229.089210	-0.827090	0.65130
000000000203	003	15.949	000000003462	228.977830	-0.837341	0.63700
000000000211	003	15.122	000000002637	013.655013	+0.410015	0.54960
000000000211	003	15.122	000000007789	013.655261	+0.398252	0.54690
000000000211	003	15.122	000000011368	013.625728	+0.349562	0.55630
000000000202	003	13.486	000000002451	185.448430	+0.304515	0.45770
000000000202	003	13.486	000000004301	185.448930	+0.291660	0.45960
000000000202	003	13.486	000000007004	185.460460	+0.361504	0.46030
000000000209	003	13.725	000000002611	319.969460	-0.956213	0.54000
000000000209	003	13.725	000000005809	319.938190	-0.965997	0.54030
000000000209	003	13.725	000000010915	319.937180	-0.996108	0.54300
000000000210	003	15.766	000000002620	212.774120	-0.570648	0.41740
000000000210	003	15.766	000000007822	212.737310	-0.605334	0.41140
000000000210	003	15.766	000000002718	212.739930	-0.517475	0.42660
000000000205	003	12.925	000000002493	036.418763	-0.126334	0.44510
000000000205	003	12.925	000000010838	036.399168	-0.100126	0.44670
000000000205	003	12.925	000000008213	036.330462	-0.102860	0.44530
000000000208	003	13.711	000000002559	165.959890	-0.827842	0.46270
000000000208	003	13.711	000000003385	165.952560	-0.868282	0.46590
000000000208	003	13.711	000000008541	165.917530	-0.904768	0.46440
000000000212	003	14.850	000000002704	185.696490	+0.399691	0.45590
000000000212	003	14.850	000000009894	185.696690	+0.398315	0.45510
000000000212	003	14.850	000000011637	185.698300	+0.401284	0.46210
000000000187	003	13.709	000000002231	204.420350	-0.727950	0.52980
000000000187	003	13.709	000000010220	204.433160	-0.727986	0.52770
000000000187	003	13.709	000000012930	204.396410	-0.747323	0.52660
000000000181	003	11.562	000000002094	123.660570	-0.270689	0.43760
000000000181	003	11.562	000000005125	123.745630	-0.221552	0.43820
000000000181	003	11.562	000000010132	123.762990	-0.259540	0.43780
000000000165	003	14.799	000000001893	199.682090	+0.119447	0.50640
000000000165	003	14.799	000000005574	199.665010	+0.120911	0.49950
000000000165	003	14.799	000000007949	199.718770	+0.127598	0.50540
000000000166	003	12.748	000000001903	350.449070	-0.754463	0.42830
000000000166	003	12.748	000000011744	350.558230	-0.775676	0.42950
000000000166	003	12.748	000000007661	350.582260	-0.800420	0.42810
000000000163	003	15.630	000000001867	226.373300	+0.200707	0.62350
000000000163	003	15.630	000000002853	226.380800	+0.263503	0.62270
000000000163	003	15.630	000000005044	226.454440	+0.295086	0.63570
000000000164	003	13.272	000000001886	212.619360	+0.230656	0.49870
000000000164	003	13.272	000000006614	212.608250	+0.274241	0.49640
000000000164	003	13.272	000000007819	212.621890	+0.242673	0.49770
000000000157	003	14.912	000000001775	343.632410	-0.536565	0.64510
000000000157	003	14.912	000000010660	343.640360	-0.630482	0.64370
000000000157	003	14.912	000000010962	343.694440	-0.702109	0.63720
000000000158	003	15.303	000000001791	163.346050	-0.954247	0.55840
000000000158	003	15.303	000000008161	163.369210	-0.944499	0.56040
000000000158	003	15.303	000000007179	163.427310	-0.935413	0.56890
000000000182	003	13.990	000000002109	186.107910	-0.386416	0.49160
000000000182	003	13.990	000000007620	186.075390	-0.425904	0.48800
000000000182	003	13.990	000000007991	186.111870	-0.372062	0.49130
000000000169	003	15.513	000000001934	124.372300	-0.445484	0.46300
000000000169	003	15.513	000000002635	124.349700	-0.451645	0.45110
000000000169	003	15.513	000000008630	124.375700	-0.483942	0.46100
000000000168	003	13.741	000000001927	324.713410	-1.138893	0.49380
000000000168	003	13.741	000000002393	324.761870	-1.142297	0.49650
000000000168	003	13.741	000000010766	324.755400	-1.128523	0.49680
000000000175	003	13.461	000000002027	213.506400	-0.539514	0.64540
000000000175	003	13.461	000000003369	213.526120	-0.521732	0.64780
000000000175	003	13.461	000000006264	213.524390	-0.551323	0.64540
000000000180	003	14.061	000000002075	321.785290	-1.036002	0.58900
000000000180	003	14.061	000000003726	321.800380	-1.068753	0.59270
000000000180	003	14.061	000000006890	321.788790	-1.049642	0.59280
000000000172	003	13.958	000000001997	343.687680	-0.948875	0.53000
000000000172	003	13.958	000000006066	343.703580	-0.916426	0.52720
000000000172	003	13.958	000000007431	343.664410	-0.985942	0.53100
000000000178	003	15.270	000000002056	138.173810	+0.267383	0.60340
000000000178	003	15.270	000000002636	138.148800	+0.266194	0.60520
000000000178	003	15.270	000000007136	138.184020	+0.196249	0.61370
000000000179	003	13.457	000000002072	185.129960	+0.185675	0.38350
000000000179	003	13.457	000000004898	185.119840	+0.181615	0.38530
000000000179	003	13.457	000000009228	185.035480	+0.147426	0.38280
000000000176	003	14.171	000000002046	328.102840	-0.731862	0.49650
000000000176	003	14.171	000000010092	328.105820	-0.759015	0.49870
000000000176	003	14.171	000000005533	328.129720	-0.804418	0.50110
000000000177	003	13.481	000000002053	201.142300	-0.215866	0.65790
000000000177	003	13.481	000000008989	201.135990	-0.324275	0.65510
000000000177	003	13.481	000000008507	201.188400	-0.189735	0.65620
000000000282	003	13.731	000000003936	213.839670	-0.714008	0.37650
000000000282	003	13.731	000000004150	213.812510	-0.526460	0.37920
000000000282	003	13.731	000000009897	213.714490	-0.440164	0.37930
000000000215	003	13.959	000000002766	142.688980	+0.420839	0.57960
000000000215	003	13.959	000000006588	142.656820	+0.429863	0.57990
000000000215	003	13.959	000000012747	142.708260	+0.450839	0.58320
000000000220	003	13.489	000000002841	199.911220	+0.142460	0.50400
000000000220	003	13.489	000000002861	199.890580	+0.129426	0.50620
000000000220	003	13.489	000000006036	199.896290	+0.193380	0.50650
000000000263	003	14.232	000000003489	142.208910	-0.041057	0.45030
000000000263	003	14.232	000000004620	142.181180	-0.037185	0.45480
000000000263	003	14.232	000000004901	142.204050	-0.038176	0.45390
000000000265	003	13.249	000000003512	343.301290	+0.438537	0.40690
000000000265	003	13.249	000000007776	343.186850	+0.441827	0.40910
000000000265	003	13.249	000000010126	343.253460	+0.493305	0.40780
000000000260	003	13.230	000000003463	222.006250	-0.643604	0.53080
000000000260	003	13.230	000000003957	221.994810	-0.603411	0.53270
000000000260	003	13.230	000000008582	222.014280	-0.632551	0.53070
000000000261	003	15.876	000000003465	343.022290	-0.220466	0.61410
000000000261	003	15.876	000000011600	342.994610	-0.297750	0.60010
000000000261	003	15.876	000000000055	342.930830	-0.343703	0.59800
000000000258	003	12.942	000000003435	151.749410	-0.515431	0.47010
000000000258	003	12.942	000000009851	151.739350	-0.517827	0.47140
000000000258	003	12.942	000000012127	151.753440	-0.516098	0.47180
000000000259	003	12.176	000000003457	189.587260	-0.351056	0.61830
000000000259	003	12.176	000000007415	189.670880	-0.359742	0.61760
000000000259	003	12.176	000000004436	189.679550	-0.325519	0.61730
000000000257	003	13.934	000000003393	220.427690	+0.528625	0.56330
000000000257	003	13.934	000000003504	220.415230	+0.541172	0.56280
000000000257	003	13.934	000000011395	220.401670	+0.552444	0.55970
000000000269	003	12.846	000000003622	151.960660	-0.008989	0.58520
000000000269	003	12.846	000000008827	151.997680	-0.026974	0.58430
000000000269	003	12.846	000000010523	152.000170	-0.021926	0.58350
000000000267	003	10.070	000000003542	205.700130	-0.252619	0.54430
000000000267	003	10.070	000000008280	205.676640	-0.241913	0.54420
000000000267	003	10.070	000000008861	205.661580	-0.236187	0.54410
000000000273	003	13.035	000000003713	156.686650	-0.365186	0.43460
000000000273	003	13.035	000000003982	156.684520	-0.350311	0.43320
000000000273	003	13.035	000000006267	156.677530	-0.279821	0.43280
000000000279	003	11.542	000000003862	325.304680	+0.210433	0.49430
000000000279	003	11.542	000000007579	325.294450	+0.174873	0.49490
000000000279	003	11.542	000000011699	325.270280	+0.148347	0.49450
000000000272	003	15.396	000000003711	221.392710	-0.586193	0.53760
000000000272	003	15.396	000000005046	221.370870	-0.580356	0.52660
000000000272	003	15.396	000000011593	221.423290	-0.569340	0.53600
000000000277	003	11.615	000000003800	203.978420	-0.009662	0.47700
000000000277	003	11.615	000000005947	203.934790	-0.022369	0.47640
000000000277	003	11.615	000000006356	203.894660	+0.008075	0.47650
000000000278	003	15.302	000000003853	326.393280	-0.514597	0.54810
000000000278	003	15.302	000000010234	326.443470	-0.520468	0.54140
000000000278	003	15.302	000000010678	326.459540	-0.491614	0.53710
000000000274	003	13.133	000000003757	321.164950	+0.076229	0.51490
000000000274	003	13.133	000000003798	321.212130	+0.098659	0.51340
000000000274	003	13.133	000000004818	321.215020	+0.098272	0.51290
000000000276	003	14.272	000000003783	203.841920	+0.329355	0.48200
000000000276	003	14.272	000000005526	203.846420	+0.387213	0.48670
000000000276	003	14.272	000000010819	203.819770	+0.371350	0.48570
000000000216	003	14.894	000000002772	188.830480	+0.063820	0.50350
000000000216	003	14.894	000000004544	188.845340	+0.061669	0.51050
000000000216	003	14.894	000000010449	188.838430	+0.042239	0.50360
000000000252	003	14.668	000000003333	204.962900	-0.732717	0.46350
000000000252	003	14.668	000000008672	204.964570	-0.679444	0.46590
000000000252	003	14.668	000000008810	205.004760	-0.653068	0.47010
000000000250	003	14.769	000000003277	189.074340	+0.133457	0.49860
000000000250	003	14.769	000000006395	189.091240	+0.159935	0.49880
000000000250	003	14.769	000000007529	189.140380	+0.162605	0.49240
000000000231	003	14.420	000000003015	207.753270	-0.587115	0.51890
000000000231	003	14.420	000000006797	207.743460	-0.609297	0.52190
000000000231	003	14.420	000000011065	207.760940	-0.619823	0.52450
000000000233	003	13.800	000000003025	185.370340	-0.499750	0.64020
000000000233	003	13.800	000000012867	185.395240	-0.608554	0.64290
000000000233	003	13.800	000000003530	185.355780	-0.446868	0.63950
000000000226	003	14.718	000000002922	202.201270	-0.391274	0.66190
000000000226	003	14.718	000000006578	202.130620	-0.330906	0.65690
000000000226	003	14.718	000000007455	201.994090	-0.303377	0.65480
000000000229	003	12.431	000000003006	155.295250	-0.303185	0.46890
000000000229	003	12.431	000000003107	155.313890	-0.355297	0.46770
000000000229	003	12.431	000000008282	155.317360	-0.276691	0.46830
000000000223	003	14.760	000000002872	034.466100	-0.583005	0.51720
000000000223	003	14.760	000000009826	034.522931	-0.584195	0.51180
000000000223	003	14.760	000000003612	034.529473	-0.603242	0.51030
000000000224	003	14.453	000000002876	140.801540	+0.052463	0.52150
000000000224	003	14.453	000000010122	140.801320	+0.065166	0.52720
000000000224	003	14.453	000000011657	140.801520	+0.058762	0.52370
000000000251	003	12.469	000000003282	152.556530	-0.096757	0.50990
000000000251	003	12.469	000000004387	152.564830	-0.107517	0.50870
000000000251	003	12.469	000000007419	152.506060	-0.078014	0.50960
000000000239	003	13.548	000000003106	219.057760	-0.200242	0.62540
000000000239	003	13.548	000000007298	219.115540	-0.199333	0.62250
000000000239	003	13.548	000000012853	219.162370	-0.166253	0.62440
000000000237	003	15.162	000000003057	323.724520	-0.968125	0.53790
000000000237	003	15.162	000000011338	323.743000	-0.973158	0.53160
000000000237	003	15.162	000000012917	323.794670	-0.993392	0.52810
000000000242	003	14.974	000000003128	199.247320	+0.195139	0.52230
000000000242	003	14.974	000000010160	199.204510	+0.201154	0.52310
000000000242	003	14.974	000000006517	199.225640	+0.255369	0.53010
000000000249	003	13.217	000000003275	154.652890	-0.565339	0.46810
000000000249	003	13.217	000000004371	154.618950	-0.614965	0.46600
000000000249	003	13.217	000000008800	154.701390	-0.537803	0.46760
000000000241	003	14.221	000000003121	326.812900	-0.144222	0.51730
000000000241	003	14.221	000000005587	326.797620	-0.162359	0.51650
000000000241	003	14.221	000000009447	326.843620	-0.115484	0.51280
000000000247	003	15.030	000000003214	151.061340	-0.435166	0.56770
000000000247	003	15.030	000000005577	151.018860	-0.426666	0.56180
000000000247	003	15.030	000000010823	151.067380	-0.491260	0.57070
000000000248	003	15.251	000000003237	202.430180	-0.752992	0.52740
000000000248	003	15.251	000000000520	202.488750	-0.750523	0.53790
000000000248	003	15.251	000000011268	202.421760	-0.734049	0.53120
000000000245	003	12.304	000000003159	140.762550	+0.434279	0.55220
000000000245	003	12.304	000000004052	140.766240	+0.461577	0.55330
000000000245	003	12.304	000000005830	140.759360	+0.429914	0.55290
000000000246	003	13.053	000000003185	211.640580	-0.484067	0.54160
000000000246	003	13.053	000000003607	211.671680	-0.514761	0.54140
000000000246	003	13.053	000000004863	211.604180	-0.523421	0.54320
000000000000	003	12.956	000000000002	326.464900	-0.667903	0.59900
000000000000	003	12.956	000000009331	326.497650	-0.724220	0.59720
000000000000	003	12.956	000000010464	326.437610	-0.679894	0.59770
