#z_bin	R(0.5)	R_friend	z	dN	dV/dz		dN/dV
0	0.8600	3.40282e+38	0.01	000000	0.000099100	00000000.00
1	0.8600	3.40282e+38	0.02	000000	0.000392803	00000000.00
2	0.8600	3.40282e+38	0.03	000000	0.000875720	00000000.00
3	0.8600	3.40282e+38	0.04	000000	0.001542472	00000000.00
4	0.8600	3.40282e+38	0.05	000000	0.002387701	00000000.00
5	0.8600	3.40282e+38	0.06	000000	0.003406070	00000000.00
6	0.8600	3.40282e+38	0.07	000000	0.004592274	00000000.00
7	0.8600	3.40282e+38	0.08	000000	0.005941028	00000000.00
8	0.8600	3.40282e+38	0.09	000000	0.007447100	00000000.00
9	0.8600	3.40282e+38	0.10	000000	0.009105291	00000000.00
10	0.8600	3.40282e+38	0.11	000000	0.010910439	00000000.00
11	0.8600	3.40282e+38	0.12	000000	0.012857447	00000000.00
12	0.8600	3.40282e+38	0.13	000000	0.014941258	00000000.00
13	0.8600	3.40282e+38	0.14	000000	0.017156878	00000000.00
14	0.8600	3.40282e+38	0.15	000000	0.019499367	00000000.00
15	0.8600	3.40282e+38	0.16	000000	0.021963850	00000000.00
16	0.8600	3.40282e+38	0.17	000000	0.024545518	00000000.00
17	0.8600	3.40282e+38	0.18	000000	0.027239629	00000000.00
18	0.8600	3.40282e+38	0.19	000000	0.030041509	00000000.00
19	0.8600	1.11118e+01	0.20	000001	0.032946562	00003035.22
20	0.8600	3.40282e+38	0.21	000000	0.035950262	00000000.00
21	0.8600	3.40282e+38	0.22	000000	0.039048163	00000000.00
22	0.8600	8.89624e+00	0.23	000002	0.042235895	00004735.31
23	0.8600	3.40282e+38	0.24	000000	0.045509170	00000000.00
24	0.8600	7.81292e+00	0.25	000003	0.048863781	00006139.52
25	0.8600	1.39995e+01	0.26	000001	0.052295604	00001912.21
26	0.8600	1.02255e+01	0.27	000002	0.055800599	00003584.19
27	0.8600	4.49764e+00	0.28	000011	0.059374809	00018526.38
28	0.8600	4.10711e+00	0.29	000014	0.063014366	00022217.16
29	0.8600	3.10104e+00	0.30	000026	0.066715485	00038971.46
30	0.8600	3.18720e+00	0.31	000026	0.070474468	00036892.79
31	0.8600	3.73099e+00	0.32	000020	0.074287706	00026922.35
32	0.8600	3.17798e+00	0.33	000029	0.078151676	00037107.33
33	0.8600	3.43928e+00	0.34	000026	0.082062940	00031683.00
34	0.8600	3.66497e+00	0.35	000024	0.086018151	00027901.09
35	0.8600	3.41065e+00	0.36	000029	0.090014045	00032217.19
36	0.8600	2.96841e+00	0.37	000040	0.094047448	00042531.72
37	0.8600	2.60947e+00	0.38	000054	0.098115270	00055037.30
38	0.8600	2.76791e+00	0.39	000050	0.102214507	00048916.74
39	0.8600	2.40330e+00	0.40	000069	0.106342242	00064884.85
40	0.8600	1.94913e+00	0.41	000109	0.110495640	00098646.43
41	0.8600	1.79756e+00	0.42	000133	0.114671951	00115983.03
42	0.8600	1.46346e+00	0.43	000208	0.118868507	00174983.27
43	0.8600	1.21397e+00	0.44	000313	0.123082724	00254300.51
44	0.8600	1.03084e+00	0.45	000449	0.127312097	00352676.62
45	0.8600	8.97547e-01	0.46	000612	0.131554202	00465207.49
46	0.8600	8.33276e-01	0.47	000733	0.135806693	00539737.76
47	0.8600	8.78606e-01	0.48	000680	0.140067302	00485480.90
48	0.8600	8.37601e-01	0.49	000771	0.144333839	00534178.27
49	0.8600	8.60000e-01	0.50	000753	0.148604188	00506715.19
50	0.8600	9.11226e-01	0.51	000690	0.152876307	00451345.28
51	0.8600	9.29954e-01	0.52	000681	0.157148227	00433348.83
52	0.8600	9.21110e-01	0.53	000713	0.161418052	00441710.20
53	0.8600	1.01224e+00	0.54	000606	0.165683954	00365756.60
54	0.8600	1.01517e+00	0.55	000618	0.169944174	00363648.83
55	0.8600	9.67797e-01	0.56	000697	0.174197022	00400121.65
56	0.8600	1.15189e+00	0.57	000504	0.178440873	00282446.50
57	0.8600	1.14411e+00	0.58	000523	0.182674166	00286302.11
58	0.8600	1.23530e+00	0.59	000459	0.186895403	00245591.92
59	0.8600	1.38013e+00	0.60	000376	0.191103153	00196752.38
60	0.8600	1.49379e+00	0.61	000328	0.195296035	00167950.16
61	0.8600	1.70552e+00	0.62	000257	0.199472736	00128839.66
62	0.8600	1.86248e+00	0.63	000220	0.203631995	00108038.03
63	0.8600	1.99828e+00	0.64	000195	0.207772611	00093852.60
64	0.8600	2.15497e+00	0.65	000171	0.211893435	00080700.94
65	0.8600	2.53463e+00	0.66	000126	0.215993371	00058335.12
66	0.8600	2.73820e+00	0.67	000110	0.220071377	00049983.78
67	0.8600	2.63472e+00	0.68	000121	0.224126458	00053987.38
68	0.8600	2.95383e+00	0.69	000098	0.228157672	00042952.75
69	0.8600	3.45236e+00	0.70	000073	0.232164121	00031443.27
70	0.8600	3.39019e+00	0.71	000077	0.236144955	00032607.09
71	0.8600	4.52220e+00	0.72	000044	0.240099369	00018325.75
72	0.8600	3.78015e+00	0.73	000064	0.244026602	00026226.65
73	0.8600	4.39968e+00	0.74	000048	0.247925933	00019360.62
74	0.8600	3.93315e+00	0.75	000061	0.251796685	00024225.89
75	0.8600	6.31812e+00	0.76	000024	0.255638219	00009388.27
76	0.8600	6.11534e+00	0.77	000026	0.259449934	00010021.20
77	0.8600	9.93228e+00	0.78	000010	0.263231268	00003798.94
78	0.8600	1.00028e+01	0.79	000010	0.266981694	00003745.58
79	0.8600	1.83893e+01	0.80	000003	0.270700721	00001108.23
80	0.8600	1.43409e+01	0.81	000005	0.274387890	00001822.24
81	0.8600	2.28255e+01	0.82	000002	0.278042776	00000719.31
82	0.8600	1.62449e+01	0.83	000004	0.281664985	00001420.13
83	0.8600	3.40282e+38	0.84	000000	0.285254155	00000000.00
84	0.8600	3.40282e+38	0.85	000000	0.288809950	00000000.00
85	0.8600	3.40282e+38	0.86	000000	0.292332066	00000000.00
86	0.8600	3.40282e+38	0.87	000000	0.295820223	00000000.00
87	0.8600	3.34900e+01	0.88	000001	0.299274171	00000334.14
88	0.8600	3.40282e+38	0.89	000000	0.302693683	00000000.00
89	0.8600	3.40282e+38	0.90	000000	0.306078557	00000000.00
90	0.8600	3.40282e+38	0.91	000000	0.309428614	00000000.00
91	0.8600	3.40282e+38	0.92	000000	0.312743699	00000000.00
92	0.8600	3.40282e+38	0.93	000000	0.316023678	00000000.00
93	0.8600	3.40282e+38	0.94	000000	0.319268438	00000000.00
94	0.8600	3.40282e+38	0.95	000000	0.322477885	00000000.00
95	0.8600	3.40282e+38	0.96	000000	0.325651947	00000000.00
96	0.8600	3.40282e+38	0.97	000000	0.328790568	00000000.00
97	0.8600	3.40282e+38	0.98	000000	0.331893711	00000000.00
98	0.8600	3.40282e+38	0.99	000000	0.334961355	00000000.00
99	0.8600	3.40282e+38	1.00	000000	0.337993498	00000000.00
100	0.8600	3.40282e+38	1.01	000000	0.340990149	00000000.00
101	0.8600	3.40282e+38	1.02	000000	0.343951338	00000000.00
102	0.8600	3.40282e+38	1.03	000000	0.346877103	00000000.00
103	0.8600	3.40282e+38	1.04	000000	0.349767501	00000000.00
104	0.8600	3.40282e+38	1.05	000000	0.352622598	00000000.00
105	0.8600	3.40282e+38	1.06	000000	0.355442476	00000000.00
106	0.8600	3.40282e+38	1.07	000000	0.358227225	00000000.00
107	0.8600	3.40282e+38	1.08	000000	0.360976950	00000000.00
108	0.8600	3.40282e+38	1.09	000000	0.363691765	00000000.00
109	0.8600	3.40282e+38	1.10	000000	0.366371795	00000000.00
110	0.8600	3.40282e+38	1.11	000000	0.369017174	00000000.00
111	0.8600	3.40282e+38	1.12	000000	0.371628044	00000000.00
112	0.8600	3.40282e+38	1.13	000000	0.374204560	00000000.00
113	0.8600	3.40282e+38	1.14	000000	0.376746881	00000000.00
114	0.8600	3.40282e+38	1.15	000000	0.379255177	00000000.00
115	0.8600	3.40282e+38	1.16	000000	0.381729623	00000000.00
116	0.8600	3.40282e+38	1.17	000000	0.384170393	00000000.00
117	0.8600	3.40282e+38	1.18	000000	0.386577697	00000000.00
118	0.8600	3.40282e+38	1.19	000000	0.388951721	00000000.00
119	0.8600	3.40282e+38	1.20	000000	0.391292677	00000000.00
120	0.8600	3.40282e+38	1.21	000000	0.393600753	00000000.00
121	0.8600	3.40282e+38	1.22	000000	0.395876171	00000000.00
122	0.8600	3.40282e+38	1.23	000000	0.398119151	00000000.00
123	0.8600	3.40282e+38	1.24	000000	0.400329914	00000000.00
124	0.8600	3.40282e+38	1.25	000000	0.402508687	00000000.00
125	0.8600	3.40282e+38	1.26	000000	0.404655702	00000000.00
126	0.8600	3.40282e+38	1.27	000000	0.406771191	00000000.00
127	0.8600	3.40282e+38	1.28	000000	0.408855394	00000000.00
128	0.8600	3.40282e+38	1.29	000000	0.410908551	00000000.00
129	0.8600	3.40282e+38	1.30	000000	0.412930907	00000000.00
130	0.8600	3.40282e+38	1.31	000000	0.414922708	00000000.00
131	0.8600	3.40282e+38	1.32	000000	0.416884202	00000000.00
132	0.8600	3.40282e+38	1.33	000000	0.418815643	00000000.00
133	0.8600	3.40282e+38	1.34	000000	0.420717282	00000000.00
134	0.8600	3.40282e+38	1.35	000000	0.422589375	00000000.00
135	0.8600	3.40282e+38	1.36	000000	0.424432179	00000000.00
136	0.8600	3.40282e+38	1.37	000000	0.426245952	00000000.00
137	0.8600	3.40282e+38	1.38	000000	0.428030953	00000000.00
138	0.8600	3.40282e+38	1.39	000000	0.429787443	00000000.00
139	0.8600	3.40282e+38	1.40	000000	0.431515684	00000000.00
140	0.8600	3.40282e+38	1.41	000000	0.433215936	00000000.00
141	0.8600	3.40282e+38	1.42	000000	0.434888464	00000000.00
142	0.8600	3.40282e+38	1.43	000000	0.436533529	00000000.00
143	0.8600	3.40282e+38	1.44	000000	0.438151396	00000000.00
144	0.8600	3.40282e+38	1.45	000000	0.439742328	00000000.00
