0.384214
0.767506
0.522107
0.14138
0.231414
0.323077
0.222338
0.603112
0.631285
1.03743
0.412033
0.524316
1.02208
1.05197
0.31115
0.607938
1.95131
1.61274
0.411294
0.60835
0.505239
1.16972
0.824357
0.259846
0.188172
0.866139
0.539859
0.758346
0.437324
0.375969
0.242532
0.704758
0.0825585
0.800877
0.729974
0.554436
0.704334
0.729005
1.22195
1.34382
2.08074
0.846384
0.0753964
0.8133
0.122775
3.19328
1.07083
0.967459
0.443689
2.99633
0.998956
0.871123
0.361106
1.47455
1.28654
0.383204
0.411932
1.04414
1.00155
0.59874
0.204796
0.536941
0.251695
1.04953
0.335048
0.6314
1.02158
0.392696
0.434081
0.799668
1.7151
1.25097
0.539861
0.25629
0.20496
0.373698
0.261139
0.479739
0.527644
0.128317
0.410179
1.42702
0.408937
1.24848
0.441409
0.336797
0.191069
0.556803
0.0166933
0.130293
0.507672
0.567273
0.267793
0.305212
0.745417
0.148442
0.840313
0.486775
0.0764241
0.561341
0.391419
0.434257
0.224937
0.359939
0.209723
0.150222
0.633454
0.122551
0.133214
0.232901
0.919966
0.301044
0.336651
0.721955
0.554835
0.103773
1.12878
1.58116
0.38337
0.605056
0.796673
0.776067
1.62083
1.45116
0.910388
1.90377
1.88393
0.435066
1.08729
0.919147
0.115209
0.509434
0.435525
0.326042
0.530656
0.474145
0.202454
0.284895
0.170129
0.155874
0.423028
0.578214
1.49187
0.0677323
2.58737
1.08451
1.80343
2.66087
0.150969
0.794964
0.418214
0.695744
0.238105
0.43791
0.65943
0.869642
0.389214
0.762351
0.950121
0.153066
0.717628
0.738338
1.96725
1.89346
0.274467
1.31592
2.76941
0.659224
0.13694
0.522356
0.840827
1.63625
0.666769
0.452936
0.302871
0.546308
1.74306
1.14121
1.80637
2.00318
0.656151
0.341714
0.503734
0.441553
0.490526
0.305024
0.370696
0.365574
0.0915482
0.78664
0.162811
0.816299
0.440533
0.684825
0.36954
0.342447
0.429482
0.506166
0.362498
0.225664
0.0984724
0.773484
0.611633
0.316257
0.627714
0.293538
0.417066
0.127372
0.503457
0.287102
0.260671
0.336162
0.519507
0.189527
0.546598
0.61998
0.656433
0.0876118
0.482612
0.43678
0.869692
1.058
1.62765
1.66378
0.187697
0.375233
0.230774
0.78994
0.0822986
0.350101
0.837523
0.820458
1.25594
0.44915
0.433867
1.2379
0.781624
1.87937
1.79121
0.419699
0.259159
0.218038
0.488631
0.277064
0.297571
0.357583
0.223447
0.324826
0.297732
0.0793752
0.402371
0.0654771
0.0783215
0.0134778
0.497806
0.443834
0.423118
0.339823
0.921785
0.31926
0.52958
0.702936
0.555796
0.430091
0.629792
0.344338
0.276249
1.11637
0.386181
1.01856
0.198387
0.333068
0.117188
0.122528
0.239236
0.255434
0.178366
0.646963
0.215996
0.626425
1.0774
1.34232
0.666159
1.08146
1.93464
0.101267
0.546689
1.28597
1.37788
1.83393
1.42528
0.414254
0.515244
0.1723
0.0695973
0.30379
0.36328
0.285954
0.288765
0.533192
0.144051
0.494724
0.351001
0.0504496
0.162206
0.198133
0.113362
0.298271
0.624458
0.326362
0.230714
0.110366
0.349723
0.984051
0.941602
3.39688
3.47275
2.74199
1.95691
0.960227
0.748576
0.891956
1.17583
2.3413
1.54381
2.86819
3.46478
0.236777
0.329375
0.279173
0.636299
0.56672
0.0743401
0.530313
0.47513
0.571408
0.262575
0.577185
0.503779
0.476196
0.228193
0.248552
0.559479
0.761225
0.310047
1.01518
0.687461
0.334768
1.73893
0.550038
1.14214
0.914894
0.830569
1.40258
1.23557
1.60665
0.66275
1.83693
0.871966
1.23563
1.21416
0.132071
0.0489175
0.180988
0.298187
0.69358
0.0492505
0.942021
0.200764
0.228401
0.650623
0.237659
0.728692
0.677298
0.594434
0.154512
0.741457
0.432371
0.276626
0.490355
0.583879
1.35657
0.335827
1.66157
0.336786
0.559208
0.243049
0.620258
0.0657301
0.0847396
0.667491
0.113825
0.135017
0.209088
0.242622
0.189598
0.613154
0.308597
0.379151
0.269137
0.425881
0.693538
1.16819
1.1148
1.49118
1.14216
1.30054
0.548922
0.0964093
0.132433
0.390405
0.823437
0.213369
0.697353
0.286682
0.445117
0.223829
0.466941
0.879609
0.352299
0.202249
0.496616
0.576353
0.58791
0.308903
0.594663
0.28805
0.281478
0.15612
0.418753
0.54123
0.883575
0.0900667
1.17448
0.6115
0.328895
0.67002
0.734818
0.641741
1.35527
0.606383
0.266504
0.448468
0.260568
0.185631
0.213972
1.17917
0.302168
1.04921
0.491923
0.456027
0.387902
1.84717
0.806468
1.04083
0.267365
0.593287
0.35322
0.533338
0.640285
0.575923
0.73014
2.05067
1.41753
1.53108
0.272945
2.59704
0.067297
0.180443
0.585488
0.341247
0.864916
1.35463
2.19397
1.26506
1.90706
0.230209
0.658811
0.4415
0.626892
0.137929
0.843944
1.01056
0.490307
0.69263
0.244138
0.357092
0.154798
0.203584
0.15681
0.287898
0.315737
0.279054
0.140589
0.716992
0.195918
1.15007
0.310334
0.231247
0.957346
0.843054
0.251935
0.39925
0.231273
0.529755
0.950008
1.12821
1.48401
0.393064
0.319754
0.675273
0.375112
0.605597
0.456107
0.497623
0.632833
0.0539234
0.17352
0.641897
0.827857
1.06952
0.367731
1.15233
0.839839
0.0713231
0.841152
0.265097
0.3358
0.573032
0.621555
0.68002
0.0922186
0.752138
0.462891
0.46734
0.3127
0.529164
0.321793
0.693428
0.197283
0.301896
0.337048
0.446665
0.11953
0.295971
0.177077
0.732219
0.0252552
0.719642
0.0443597
0.830246
0.239682
0.6332
1.61922
0.732232
1.17452
2.06416
0.604902
0.196476
0.529857
0.396556
0.696105
0.524893
0.250605
0.968135
1.7624
1.16724
1.27124
0.871561
0.640405
0.356212
0.224596
0.540301
0.406363
0.474133
0.297087
0.197615
0.329316
0.20676
0.148852
0.717771
0.35937
0.370389
0.346256
0.543771
0.395569
0.302002
1.46232
0.177098
1.54448
0.0237566
0.531189
0.547842
0.242222
0.215356
0.456577
0.249894
0.169061
0.223375
0.620325
3.14091
1.99942
0.808927
1.36535
3.40957
0.0541503
0.206344
0.218157
0.293137
0.215424
0.343346
0.729643
0.157953
0.586245
0.56202
0.270359
0.359005
1.57002
0.608119
0.85894
0.490976
1.47395
0.763186
0.3805
0.081648
0.842681
0.690066
1.347
1.55579
0.296593
1.52876
0.589523
0.190294
0.773946
0.396565
0.482949
0.597298
0.154027
0.736792
0.796835
0.781591
0.271847
0.394436
0.536164
0.75797
0.417112
0.525254
0.781457
0.473641
0.150295
0.375573
0.185048
1.03406
0.419102
1.14356
0.287734
0.404666
0.129759
0.112389
0.365673
0.471809
1.18281
0.400731
0.810779
0.611138
0.292728
0.245846
0.282907
0.656428
0.614738
0.462922
0.293694
0.219181
0.237466
0.269759
0.374567
0.289239
0.709268
0.219978
0.512607
0.645935
0.27071
0.119241
0.0278632
0.170846
0.0459439
0.612195
0.652554
0.620551
0.336616
0.395203
0.588794
0.607662
0.642039
1.4878
1.38006
3.28468
3.75026
2.82219
3.5226
4.67794
4.93561
3.42741
4.77805
0.221655
0.301912
0.258235
0.532986
0.142151
0.657619
0.534201
1.46094
1.10159
0.416921
0.516236
0.837067
0.496499
0.352554
0.849054
0.278794
0.325342
0.0544747
0.937884
0.525469
0.584589
0.193035
0.588902
0.402273
0.670776
0.260744
0.117908
0.295781
0.49829
0.19195
0.313554
1.10816
0.669696
2.00767
1.13362
1.82336
0.721942
1.27035
0.123473
0.659755
0.311242
0.598751
0.948985
0.963609
6.40665
4.89222
4.01999
6.82567
0.118044
0.280584
0.379763
0.447777
0.585631
0.383385
0.573464
0.614552
0.371788
0.322227
0.861204
0.183809
0.90029
0.104658
0.21723
0.561661
0.585349
0.121107
0.0490433
0.12653
0.178089
0.192006
0.532265
0.968098
1.11863
0.143083
0.0557091
0.140448
0.601639
0.279089
0.539465
0.179374
0.323888
0.22782
0.496683
0.372158
0.192846
0.89814
0.275657
0.335772
0.199466
0.552016
0.283164
0.635639
0.859513
0.436059
0.0691424
0.421151
0.0478446
0.555445
0.511875
0.224516
0.408281
0.631296
1.12796
0.462694
1.52412
0.261794
0.0203904
0.432777
0.672358
0.571521
0.274272
0.761984
1.09119
0.139065
0.635109
0.535018
0.123545
0.418752
0.0646538
0.525346
0.0453523
0.627602
0.137771
0.676086
0.430854
0.194714
0.41408
0.340223
0.596987
0.670215
0.419545
0.25571
0.668293
0.00987503
0.0223136
0.0278506
0.635379
0.640772
0.326471
0.283493
0.456002
0.176694
0.465244
0.364299
0.224148
0.287189
0.227302
0.467081
0.48217
0.169826
0.143402
0.21166
1.66444
0.705571
0.766984
1.64782
0.208221
0.528469
0.245006
0.282173
0.742158
0.43673
0.106199
1.09771
0.268035
0.419695
0.594397
0.21909
2.08355
2.20848
0.53377
2.10582
1.03173
3.28116
1.06074
0.269437
0.233858
0.59872
0.74977
0.634643
0.277383
0.416845
0.099876
0.100446
0.00109638
0.148046
0.450926
0.335088
0.234729
1.84242
0.430665
2.12124
0.354068
0.577365
0.204405
0.404642
0.729468
1.25394
1.27574
1.26156
1.14004
0.238149
0.651103
0.535193
0.904085
0.192783
0.537369
1.46326
1.17431
0.288032
0.155595
0.26226
0.833333
0.178883
0.709534
0.359035
0.679132
1.02026
0.328993
1.60844
1.27998
0.48941
0.427761
0.205646
0.720802
4.63081
1.81067
2.26653
4.37069
0.47869
0.418262
0.525784
0.586848
0.49626
0.193417
0.688978
0.870545
0.27748
0.468732
0.295385
0.361015
0.94965
0.1943
0.946962
0.0826328
0.500313
0.420504
0.0333028
0.0975961
0.465548
0.561314
0.486404
0.421274
0.602124
0.618911
0.629806
1.47264
1.34733
1.33501
0.629128
0.274905
0.769602
1.22198
0.123853
0.323426
0.201983
0.375596
0.540166
0.611953
0.327623
0.637951
0.723919
0.288825
0.66916
0.441281
0.130732
0.85042
0.82842
0.510201
0.204751
0.610473
0.222248
0.405084
0.618392
0.69054
0.23194
0.661882
0.744862
0.37528
0.451945
0.58468
0.306466
0.919946
0.641429
0.193798
1.40308
1.06806
0.488007
1.98825
0.404272
0.0807119
0.350931
0.658303
0.288181
0.00916744
0.287909
0.0335722
0.121617
0.0901016
1.00569
0.491499
0.667678
0.271858
0.401806
0.174213
1.31394
0.26927
1.29351
1.38248
0.858052
0.465073
0.711966
1.85123
0.161625
0.246856
0.0879404
0.465172
0.799439
0.384192
0.584385
1.13796
0.787114
0.855663
0.492778
1.21615
0.935888
1.12028
0.454615
0.713516
0.224293
0.15071
0.66637
1.00721
1.33532
1.15739
1.66522
1.60181
0.36277
0.0524533
0.310767
0.415654
0.273787
0.343707
1.18647
1.18005
0.457814
0.230217
0.237029
0.454677
0.191052
0.527909
0.787748
0.666951
0.66367
0.183998
0.292599
0.566104
0.128946
0.394756
0.464298
0.477617
0.264339
0.741905
0.55622
0.259143
0.297607
0.745715
1.31371
0.307066
2.16604
0.60417
2.23449
1.37943
1.59122
2.00779
1.19943
0.511357
0.403592
0.279155
0.636971
0.216304
0.664151
0.629363
0.260316
0.520226
0.547288
0.0846754
0.541466
0.738045
0.613793
0.445177
0.99578
0.167598
0.275928
0.426193
2.11878
0.538902
1.84756
0.277541
0.424087
0.102259
0.211076
1.06755
0.237349
0.648026
0.683713
0.091801
0.392176
0.356876
0.226586
0.220037
0.0646251
0.222577
0.45614
0.0363473
0.441343
0.831954
0.163414
0.846466
0.529759
0.28551
0.577036
0.261901
0.683612
0.652026
1.23962
0.621399
0.537958
1.19217
0.112951
0.194685
0.304427
0.26412
0.420018
0.142924
0.410084
0.0722173
0.262772
0.334945
0.69422
0.998936
0.982253
1.74706
1.68081
2.1616
2.59232
0.421104
0.339969
0.0813551
0.756412
0.270078
0.704836
0.193603
0.0676429
0.232558
0.476609
0.422921
0.411469
0.174663
0.1141
0.0623492
0.555276
0.15392
0.709106
0.212531
0.0871469
0.2871
1.68272
0.806683
0.877477
0.4187
0.304989
0.482854
0.243981
0.3153
0.544759
0.65451
0.318684
0.35796
0.306773
0.594221
0.567188
0.104331
0.0556471
0.664952
0.0519817
0.145792
0.103135
0.271259
0.608055
0.417783
0.460204
0.259501
0.544014
0.811275
0.175935
0.717589
0.693028
0.158126
0.759385
0.137851
0.266248
0.329131
1.90694
0.990494
2.81447
0.537447
0.29488
0.325845
0.56703
0.159852
0.462768
0.444991
0.565551
0.619667
1.62249
0.679328
1.59006
0.429474
0.449482
0.646121
0.465674
0.292401
0.489016
0.246885
0.46885
0.222316
0.609282
0.338692
0.740875
0.383426
0.175143
0.490972
0.397784
0.639206
1.47557
0.111921
1.09618
1.09744
2.01531
0.571206
0.342388
0.44348
0.273168
0.201273
0.24023
0.0711992
0.0871927
0.155825
0.26812
0.498058
0.29178
0.645481
0.597161
0.164439
0.24298
0.748376
0.0967902
0.480957
0.414934
0.813736
0.820814
0.78195
0.579376
0.446969
0.547002
0.254159
0.174076
0.408327
0.543615
0.100289
0.389766
0.371871
0.43108
0.11247
0.414968
0.525121
0.71576
0.458016
0.324362
0.563735
0.877398
0.359946
5.00196
1.80003
4.15453
0.523249
0.946139
1.39129
0.52571
0.147068
0.591622
0.593318
0.771046
0.815143
0.680641
1.28204
0.354283
0.576212
0.43761
0.0788476
0.545946
0.51586
0.176712
0.346114
0.302352
0.30952
0.160849
0.215582
1.15766
1.37213
2.69875
1.76157
0.606352
0.161854
0.539509
0.411444
0.409244
0.112589
0.940325
0.240325
0.479789
0.594846
0.357966
0.368475
0.555072
0.227754
0.0636344
0.312627
0.249032
0.955817
0.693476
0.0498455
0.466505
1.2668
0.393757
0.342597
1.14746
1.17801
0.520925
0.324889
0.235798
0.248484
0.218011
0.46645
0.3204
0.0424433
0.28542
0.175198
0.661941
0.650016
0.437906
0.888025
0.360938
0.97244
0.195371
0.439092
0.264616
0.207209
0.276635
0.212057
0.394719
0.0534176
0.543757
0.580748
1.00776
0.295175
0.57308
0.535941
0.664615
0.297039
0.390758
0.581646
0.793962
0.346709
0.459978
0.353685
0.223821
0.837451
0.926478
0.102823
0.279674
0.237676
0.58906
0.260332
0.437722
0.708322
2.47177
1.05981
1.07932
1.05323
0.175003
0.325668
0.151692
0.822858
0.0291324
0.111487
0.920378
0.70514
0.0785484
0.627784
0.488114
0.383996
0.343485
0.420966
0.390633
0.0860134
0.327957
0.480032
0.776567
0.437186
0.264275
0.346601
0.374584
0.930909
0.346369
0.94897
0.436188
0.306833
0.649759
2.0875
0.686662
1.61917
0.192601
0.415258
0.603762
0.361489
0.593724
0.695036
0.378647
0.155382
0.533547
0.790334
0.918931
0.909685
0.248548
0.817137
0.568594
0.0202977
0.302895
0.301264
3.20293
0.956999
2.90164
0.525728
0.112535
0.637795
0.643363
0.0393735
0.663185
0.0928583
0.51039
0.418041
0.592719
0.124264
0.469604
1.03611
3.86996
3.92345
