#C_ID        C_RA    C_DEC   C_Z   C_NGAL C_SN   C_AREA C_SIZE
000000000243 204.809 -00.587 0.436 000023 00.142 874.310 16.682
000000000538 346.399 +00.097 0.616 000021 00.208 340.103 10.405
000000000273 190.752 +00.042 0.468 000012 00.274 63.844 04.508
000000000075 158.888 -00.044 0.516 000012 00.407 28.974 03.037
000000000195 161.247 -00.300 0.601 000011 00.183 120.879 06.203
000000000281 321.159 -00.011 0.485 000011 00.214 88.180 05.298
000000000276 342.401 -00.439 0.477 000011 00.287 48.909 03.946
000000000025 152.874 +00.045 0.479 000011 00.253 63.080 04.481
000000000055 150.259 +00.162 0.512 000010 00.281 42.331 03.671
000000000484 325.882 -00.475 0.562 000010 00.245 55.387 04.199
000000000522 222.792 +00.068 0.574 000010 00.231 62.497 04.460
000000000487 322.461 -00.517 0.602 000010 00.167 119.184 06.159
000000000442 322.181 -00.787 0.567 000010 00.347 27.697 02.969
000000000258 207.915 +00.416 0.473 000009 00.282 33.942 03.287
000000000143 140.594 +00.111 0.579 000009 00.202 66.341 04.595
000000000128 151.941 +00.050 0.580 000009 00.238 47.703 03.897
000000000341 343.590 -00.676 0.554 000009 00.243 45.850 03.820
000000000482 222.006 -00.633 0.577 000009 00.251 42.776 03.690
000000000050 156.678 -00.315 0.497 000009 00.292 31.591 03.171
000000000251 218.974 +00.266 0.445 000008 00.140 109.579 05.906
000000000270 191.645 -00.524 0.467 000008 00.202 52.291 04.080
000000000524 322.810 -00.244 0.580 000008 00.192 57.808 04.290
000000000420 321.812 -01.106 0.574 000008 00.200 53.074 04.110
000000000031 142.165 +00.062 0.489 000008 00.483 09.136 01.705
000000000428 220.166 -00.652 0.563 000008 00.207 49.934 03.987
000000000328 186.202 -00.672 0.503 000008 00.477 09.376 01.728
000000000367 321.577 -00.068 0.521 000008 00.378 14.967 02.183
000000000160 034.962 -00.123 0.587 000008 00.150 95.351 05.509
000000000437 202.201 -00.369 0.566 000008 00.294 24.616 02.799
000000000338 348.627 -00.091 0.522 000008 00.254 33.133 03.248
000000000535 209.960 -00.660 0.600 000008 00.179 66.652 04.606
000000000459 207.880 -00.220 0.545 000008 00.217 45.279 03.796
000000000252 323.269 -00.123 0.442 000007 00.092 193.651 07.851
000000000264 321.684 -00.390 0.471 000007 00.211 36.763 03.421
000000000470 326.440 -00.492 0.568 000007 00.231 30.586 03.120
000000000260 203.557 -00.764 0.459 000007 00.135 89.826 05.347
000000000464 220.012 -00.463 0.561 000007 00.392 10.606 01.837
000000000256 225.811 +00.237 0.458 000007 00.167 58.790 04.326
000000000229 012.914 -00.886 0.638 000007 00.098 170.302 07.363
000000000498 221.371 -00.580 0.568 000007 00.226 31.988 03.191
000000000303 325.323 +00.175 0.498 000007 00.284 20.212 02.536
000000000499 223.714 -00.441 0.569 000007 00.225 32.177 03.200
000000000332 210.297 +00.284 0.500 000007 00.373 11.764 01.935
000000000146 152.261 -00.023 0.562 000007 00.223 32.703 03.226
000000000309 204.255 +00.021 0.481 000007 00.236 29.388 03.058
000000000094 185.374 -00.447 0.531 000007 00.332 14.794 02.170
000000000096 010.295 +00.178 0.536 000007 00.318 16.199 02.271
000000000621 185.880 -00.029 0.663 000006 00.026 1841.217 24.209
000000000254 211.282 +00.162 0.459 000006 00.137 63.679 04.502
000000000532 218.764 +00.356 0.582 000006 00.196 31.302 03.157
000000000339 222.406 -00.715 0.504 000006 00.176 38.809 03.515
000000000469 211.733 +00.048 0.548 000006 00.214 26.118 02.883
000000000306 226.770 +00.804 0.501 000006 00.388 07.981 01.594
000000000354 321.647 -00.508 0.533 000006 00.239 20.966 02.583
000000000320 321.731 +00.153 0.496 000006 00.245 19.985 02.522
000000000278 321.556 +00.175 0.468 000006 00.145 56.865 04.255
000000000279 323.833 -00.716 0.465 000006 00.214 26.082 02.881
000000000010 150.780 +00.497 0.468 000006 00.262 17.528 02.362
000000000360 210.182 +00.157 0.532 000006 00.369 08.793 01.673
000000000287 199.559 +00.097 0.479 000006 00.359 09.299 01.720
000000000290 227.681 +00.044 0.475 000006 00.249 19.392 02.484
000000000002 185.292 +00.255 0.439 000006 00.068 263.193 09.153
000000000517 206.938 -00.020 0.583 000006 00.187 34.351 03.307
000000000182 161.882 -00.386 0.603 000006 00.239 20.938 02.582
000000000345 204.206 -00.357 0.521 000006 00.561 03.815 01.102
000000000510 211.820 -00.225 0.564 000006 00.179 37.463 03.453
000000000419 222.754 -00.855 0.522 000006 00.203 29.252 03.051
000000000162 152.138 -00.422 0.590 000006 00.223 24.210 02.776
000000000586 325.727 +00.301 0.612 000006 00.106 106.437 05.821
000000000178 140.720 +00.422 0.587 000006 00.146 56.378 04.236
000000000435 201.467 +00.247 0.539 000006 00.175 39.316 03.538
000000000505 210.757 -00.449 0.581 000006 00.186 34.667 03.322
000000000189 013.894 -00.564 0.595 000006 00.118 85.673 05.222
000000000193 142.617 +00.386 0.604 000006 00.098 125.496 06.320
000000000580 321.121 -00.062 0.600 000006 00.110 99.307 05.622
000000000093 138.324 -00.618 0.526 000006 00.219 24.927 02.817
000000000089 155.587 -00.141 0.525 000006 00.219 25.126 02.828
000000000226 137.922 -00.518 0.628 000006 00.099 123.363 06.266
000000000400 352.077 -00.371 0.538 000006 00.299 13.403 02.066
000000000066 153.308 -00.257 0.533 000006 00.148 54.731 04.174
000000000450 205.621 -00.667 0.553 000006 00.299 13.402 02.065
000000000030 185.602 -01.163 0.495 000006 00.342 10.234 01.805
000000000350 228.206 -00.046 0.526 000005 00.229 15.831 02.245
000000000441 345.103 +00.144 0.563 000005 00.344 07.026 01.495
000000000427 202.326 -00.021 0.552 000005 00.198 21.299 02.604
000000000448 346.890 -00.427 0.558 000005 00.184 24.592 02.798
000000000348 203.644 +00.355 0.516 000005 00.547 02.782 00.941
000000000384 207.435 -00.465 0.532 000005 00.185 24.374 02.785
000000000381 343.378 -00.467 0.526 000005 00.663 01.897 00.777
000000000365 321.024 -00.122 0.521 000005 00.329 07.719 01.567
000000000415 200.044 +00.039 0.539 000005 00.269 11.507 01.914
000000000409 205.822 -00.541 0.527 000005 00.265 11.888 01.945
000000000406 199.652 -00.454 0.546 000005 00.223 16.704 02.306
000000000403 203.302 -00.383 0.515 000005 00.150 37.163 03.439
000000000461 203.676 +00.189 0.547 000005 00.220 17.145 02.336
000000000394 206.636 +00.002 0.516 000005 00.211 18.777 02.445
000000000390 185.943 +00.254 0.524 000005 00.205 19.907 02.517
000000000314 219.091 -00.068 0.482 000005 00.605 02.274 00.851
000000000268 207.599 +00.017 0.478 000005 00.210 18.818 02.447
000000000340 212.502 -00.255 0.503 000005 00.182 25.050 02.824
000000000317 322.984 -00.510 0.483 000005 00.338 07.290 01.523
000000000108 167.764 -00.622 0.512 000005 00.166 30.330 03.107
000000000103 156.138 +00.367 0.524 000005 00.253 12.982 02.033
000000000098 161.840 +00.089 0.545 000005 00.278 10.810 01.855
000000000091 154.908 +00.349 0.533 000005 00.254 12.929 02.029
000000000087 156.152 -00.266 0.530 000005 00.311 08.627 01.657
000000000079 156.412 -00.283 0.510 000005 00.202 20.465 02.552
000000000078 162.154 +00.233 0.514 000005 00.436 04.383 01.181
000000000073 151.595 -00.245 0.510 000005 00.300 09.250 01.716
000000000069 162.109 -00.843 0.514 000005 00.336 07.361 01.531
000000000061 014.345 +00.141 0.504 000005 00.261 12.193 01.970
000000000039 155.049 -00.627 0.484 000005 00.198 21.310 02.604
000000000023 152.668 -00.470 0.482 000005 00.278 10.794 01.854
000000000022 151.964 -00.015 0.474 000005 00.297 09.440 01.733
000000000018 157.544 +00.298 0.466 000005 00.212 18.477 02.425
000000000012 158.329 +00.629 0.467 000005 00.137 44.458 03.762
000000000011 123.963 +00.274 0.471 000005 00.151 36.556 03.411
000000000008 013.759 +00.453 0.456 000005 00.114 64.258 04.523
000000000114 150.823 -00.509 0.539 000005 00.199 21.122 02.593
000000000139 167.364 +00.233 0.543 000005 00.222 16.885 02.318
000000000155 156.815 -00.336 0.575 000005 00.162 31.566 03.170
000000000250 186.015 -00.350 0.448 000005 00.079 132.854 06.503
000000000296 222.492 +00.101 0.482 000005 00.222 16.881 02.318
000000000286 327.862 +00.241 0.473 000005 00.205 19.893 02.516
000000000283 226.258 +00.550 0.483 000005 00.227 16.152 02.267
000000000277 229.676 -00.267 0.474 000005 00.145 39.675 03.554
000000000272 190.704 -00.461 0.463 000005 00.125 53.548 04.129
000000000271 224.828 -00.702 0.478 000005 00.165 30.663 03.124
000000000255 212.485 -00.477 0.444 000005 00.089 106.008 05.809
000000000247 204.972 -00.101 0.439 000005 00.060 234.197 08.634
000000000156 155.316 -00.468 0.576 000005 00.613 02.215 00.840
000000000245 188.304 +00.278 0.441 000005 00.109 69.727 04.711
000000000244 218.444 -00.045 0.425 000005 00.048 366.198 10.797
000000000237 161.963 +00.540 0.674 000005 00.039 542.613 13.142
000000000212 033.727 +00.075 0.624 000005 00.094 94.183 05.475
000000000209 185.243 -00.484 0.598 000005 00.139 43.111 03.704
000000000201 141.607 +00.536 0.568 000005 00.172 28.155 02.994
000000000185 151.670 -00.942 0.570 000005 00.140 42.532 03.679
000000000485 205.531 +00.272 0.578 000005 00.297 09.440 01.733
000000000000 011.889 -00.340 0.447 000005 00.058 251.629 08.950
000000000611 221.312 +00.190 0.660 000005 00.063 210.689 08.189
000000000542 211.286 -00.452 0.563 000005 00.244 13.941 02.107
000000000584 208.807 +00.185 0.628 000005 00.192 22.533 02.678
000000000506 223.678 +00.271 0.577 000005 00.307 08.851 01.679
000000000592 224.754 +00.210 0.616 000005 00.078 137.499 06.616
000000000519 187.270 +00.608 0.578 000005 00.284 10.355 01.815
000000000563 321.898 +00.149 0.593 000005 00.128 50.588 04.013
000000000599 343.661 +00.014 0.608 000005 00.104 77.721 04.974
000000000545 220.169 -00.392 0.629 000005 00.094 94.073 05.472
000000000491 211.502 -00.733 0.558 000005 00.216 17.923 02.389
000000000154 151.375 +00.392 0.549 000004 00.144 25.866 02.869
000000000267 210.639 -00.532 0.459 000004 00.202 13.076 02.040
000000000601 219.454 -00.295 0.609 000004 00.095 58.813 04.327
000000000166 166.524 +00.413 0.561 000004 00.152 23.225 02.719
000000000361 322.301 -00.075 0.506 000004 00.251 08.464 01.641
000000000246 205.617 +00.371 0.445 000004 00.098 54.983 04.183
000000000374 190.556 +00.383 0.522 000004 00.348 04.401 01.184
000000000363 199.641 -00.816 0.509 000004 00.216 11.448 01.909
000000000090 033.344 +00.074 0.520 000004 00.192 14.515 02.149
000000000560 321.035 -00.612 0.597 000004 00.219 11.137 01.883
000000000088 150.960 -00.115 0.483 000004 00.193 14.257 02.130
000000000263 203.957 -00.016 0.452 000004 00.158 21.426 02.612
000000000369 212.614 +00.237 0.507 000004 00.269 07.367 01.531
000000000261 326.097 -00.326 0.455 000004 00.106 47.611 03.893
000000000158 151.013 -00.420 0.562 000004 00.193 14.321 02.135
000000000362 322.376 +00.187 0.506 000004 00.276 06.986 01.491
000000000065 015.133 +00.234 0.508 000004 00.284 06.611 01.451
000000000610 326.704 -00.477 0.650 000004 00.074 98.377 05.596
000000000081 162.601 -00.795 0.503 000004 00.504 02.102 00.818
000000000067 150.568 +00.183 0.505 000004 00.183 15.849 02.246
000000000165 167.497 +00.788 0.553 000004 00.178 16.783 02.311
000000000392 199.872 -00.028 0.522 000004 00.174 17.598 02.367
000000000391 227.864 -00.127 0.519 000004 00.189 14.925 02.180
000000000249 187.826 -00.643 0.441 000004 00.096 57.883 04.292
000000000163 009.514 +00.464 0.567 000004 00.141 26.909 02.927
000000000071 150.516 -00.108 0.515 000004 00.421 03.011 00.979
000000000567 205.385 -00.688 0.612 000004 00.274 07.118 01.505
000000000566 350.925 +00.145 0.592 000004 00.124 34.674 03.322
000000000565 320.816 -00.268 0.583 000004 00.118 38.111 03.483
000000000076 139.432 +00.295 0.504 000004 00.191 14.689 02.162
000000000564 199.679 +00.115 0.605 000004 00.121 36.563 03.411
000000000527 205.847 +00.310 0.589 000004 00.278 06.877 01.480
000000000161 162.745 -00.403 0.568 000004 00.159 21.018 02.587
000000000378 203.831 +00.350 0.517 000004 00.218 11.266 01.894
000000000082 164.028 -00.317 0.504 000004 00.175 17.399 02.353
000000000199 034.670 -00.189 0.577 000004 00.132 30.715 03.127
000000000152 152.286 -00.397 0.554 000004 00.171 18.147 02.403
000000000325 321.492 -00.169 0.493 000004 00.309 05.593 01.334
000000000321 190.500 +00.539 0.499 000004 00.218 11.176 01.886
000000000540 219.640 -00.456 0.571 000004 00.142 26.529 02.906
000000000547 205.466 -00.522 0.601 000004 00.111 43.201 03.708
000000000119 150.475 -00.844 0.544 000004 00.133 30.143 03.098
000000000288 221.329 +00.098 0.471 000004 00.184 15.718 02.237
000000000316 208.006 -00.371 0.489 000004 00.423 02.976 00.973
000000000289 200.820 -00.240 0.470 000004 00.258 07.984 01.594
000000000122 010.354 -00.921 0.530 000004 00.181 16.314 02.279
000000000123 166.326 -00.970 0.540 000004 00.219 11.098 01.879
000000000312 347.024 -00.493 0.500 000004 00.216 11.382 01.903
000000000311 344.857 -00.001 0.470 000004 00.223 10.770 01.852
000000000291 202.267 -00.091 0.480 000004 00.183 15.947 02.253
000000000138 034.968 +00.368 0.543 000004 00.222 10.853 01.859
000000000137 162.527 +00.009 0.551 000004 00.222 10.778 01.852
000000000136 150.670 +00.206 0.558 000004 00.421 03.004 00.978
000000000297 185.830 -00.755 0.490 000004 00.187 15.195 02.199
000000000132 037.842 -00.167 0.546 000004 00.197 13.792 02.095
000000000285 186.337 -00.178 0.464 000004 00.129 31.886 03.186
000000000549 205.645 +00.169 0.584 000004 00.125 34.386 03.308
000000000351 321.487 -00.533 0.497 000004 00.410 03.168 01.004
000000000327 190.438 +00.329 0.494 000004 00.318 05.258 01.294
000000000401 199.211 +00.268 0.520 000004 00.391 03.489 01.054
000000000555 206.287 +00.666 0.569 000004 00.136 28.636 03.019
000000000347 205.421 +00.300 0.499 000004 00.429 02.895 00.960
000000000346 228.382 -00.576 0.504 000004 00.185 15.668 02.233
000000000149 010.663 -00.663 0.547 000004 00.207 12.459 01.991
000000000597 218.027 -00.780 0.615 000004 00.107 46.789 03.859
000000000554 204.836 -00.226 0.588 000004 00.139 27.795 02.974
000000000553 210.393 +00.410 0.565 000004 00.109 45.206 03.793
000000000533 323.811 +00.223 0.589 000004 00.141 26.901 02.926
000000000591 198.017 -00.571 0.600 000004 00.104 49.506 03.970
000000000109 163.466 -00.079 0.525 000004 00.168 18.889 02.452
000000000336 203.469 -00.630 0.495 000004 00.172 17.929 02.389
000000000335 224.483 +00.321 0.482 000004 00.286 06.529 01.442
000000000333 187.132 +00.204 0.480 000004 00.238 09.402 01.730
000000000111 155.138 +00.093 0.531 000004 00.217 11.335 01.899
000000000329 190.299 -00.815 0.473 000004 00.153 22.772 02.692
000000000539 221.792 -00.044 0.576 000004 00.259 07.975 01.593
000000000349 227.546 +00.115 0.484 000004 00.150 23.657 02.744
000000000518 208.668 -00.076 0.585 000004 00.176 17.165 02.337
000000000135 123.150 -00.267 0.528 000004 00.226 10.459 01.825
000000000616 218.921 -00.701 0.652 000004 00.053 192.282 07.823
000000000036 151.184 -00.652 0.484 000004 00.226 10.454 01.824
000000000434 210.457 -00.252 0.526 000004 00.184 15.822 02.244
000000000436 321.644 -00.206 0.539 000004 00.235 09.641 01.752
000000000581 224.067 -00.044 0.613 000004 00.180 16.531 02.294
000000000035 156.046 -00.403 0.500 000004 00.200 13.314 02.059
000000000438 349.381 +00.304 0.524 000004 00.200 13.367 02.063
000000000439 219.637 -00.946 0.537 000004 00.167 19.152 02.469
000000000033 010.093 -00.978 0.469 000004 00.171 18.137 02.403
000000000013 166.280 -00.070 0.452 000004 00.127 33.303 03.256
000000000502 206.086 -00.050 0.567 000004 00.146 25.071 02.825
000000000443 326.050 -00.463 0.555 000004 00.241 09.159 01.707
000000000468 206.898 +00.257 0.529 000004 00.230 10.048 01.788
000000000467 199.832 +00.450 0.537 000004 00.167 19.139 02.468
000000000465 348.286 -00.772 0.551 000004 00.203 12.987 02.033
000000000574 211.656 -00.493 0.599 000004 00.139 27.698 02.969
000000000187 163.125 +00.755 0.540 000004 00.137 28.595 03.017
000000000500 322.558 +00.127 0.562 000004 00.208 12.382 01.985
000000000214 013.965 -00.127 0.579 000004 00.124 34.538 03.316
000000000026 010.343 -00.325 0.485 000004 00.203 12.883 02.025
000000000452 223.824 -00.640 0.536 000004 00.150 23.615 02.742
000000000617 205.915 -00.312 0.646 000004 00.119 37.845 03.471
000000000191 010.613 +00.155 0.575 000004 00.163 20.168 02.534
000000000024 152.410 -00.567 0.472 000004 00.179 16.648 02.302
000000000618 227.161 -00.640 0.662 000004 00.094 59.956 04.369
000000000462 205.791 +00.053 0.539 000004 00.242 09.136 01.705
000000000218 142.040 -00.368 0.601 000004 00.151 23.370 02.727
000000000017 036.580 +00.030 0.455 000004 00.168 18.932 02.455
000000000582 207.001 -00.158 0.595 000004 00.135 29.262 03.052
000000000181 036.311 -00.738 0.579 000004 00.179 16.628 02.301
000000000210 150.758 -00.568 0.600 000004 00.099 54.773 04.176
000000000041 150.048 +00.557 0.490 000004 00.248 08.663 01.661
000000000176 150.116 -00.071 0.572 000004 00.220 11.031 01.874
000000000486 344.631 -00.098 0.547 000004 00.215 11.512 01.914
000000000057 140.247 -00.769 0.491 000004 00.252 08.411 01.636
000000000407 345.520 +00.304 0.545 000004 00.156 22.049 02.649
000000000170 013.575 -00.948 0.583 000004 00.171 18.181 02.406
000000000490 343.707 -00.722 0.554 000004 00.287 06.479 01.436
000000000513 219.139 -00.189 0.586 000004 00.143 26.081 02.881
000000000240 150.682 -00.720 0.673 000004 00.039 346.428 10.501
000000000204 011.556 -00.538 0.611 000004 00.146 25.056 02.824
000000000206 150.964 -00.804 0.577 000004 00.150 23.582 02.740
000000000613 188.747 +00.169 0.647 000004 00.095 59.509 04.352
000000000207 155.627 -00.416 0.604 000004 00.106 47.265 03.879
000000000006 156.394 -00.050 0.462 000004 00.117 38.861 03.517
000000000234 010.301 -00.065 0.624 000004 00.068 115.572 06.065
000000000620 204.842 -00.532 0.664 000004 00.074 96.141 05.532
000000000511 345.950 +00.151 0.585 000004 00.257 08.094 01.605
000000000421 205.680 -00.239 0.521 000004 00.261 07.832 01.579
000000000007 185.533 -00.544 0.443 000004 00.083 77.789 04.976
000000000476 187.533 -00.185 0.540 000004 00.206 12.518 01.996
000000000042 139.524 -00.169 0.492 000004 00.164 19.822 02.512
000000000423 205.485 +00.385 0.535 000004 00.211 11.986 01.953
000000000230 163.079 +00.549 0.642 000004 00.117 38.662 03.508
000000000044 141.188 -00.080 0.487 000004 00.156 21.824 02.636
000000000425 227.045 +00.257 0.543 000004 00.205 12.715 02.012
000000000475 218.617 +00.026 0.555 000004 00.216 11.383 01.903
000000000198 162.296 -00.355 0.581 000003 00.109 25.096 02.826
000000000144 035.455 -00.275 0.530 000003 00.160 11.707 01.930
000000000196 011.679 +00.422 0.572 000003 00.140 15.280 02.205
000000000194 154.989 -00.523 0.588 000003 00.111 24.365 02.785
000000000197 155.875 +00.398 0.565 000003 00.157 12.232 01.973
000000000140 015.821 -00.407 0.551 000003 00.167 10.773 01.852
000000000593 325.526 -00.237 0.628 000003 00.145 14.224 02.128
000000000142 153.405 -00.142 0.529 000003 00.222 06.105 01.394
000000000192 140.440 -00.595 0.585 000003 00.238 05.309 01.300
000000000579 320.442 +00.613 0.589 000003 00.122 20.126 02.531
000000000141 140.076 +00.490 0.532 000003 00.249 04.849 01.242
000000000167 015.667 -00.360 0.569 000003 00.167 10.749 01.850
000000000190 015.140 -00.516 0.581 000003 00.193 08.025 01.598
000000000157 156.475 -00.126 0.556 000003 00.182 09.071 01.699
000000000169 139.693 -00.657 0.543 000003 00.179 09.342 01.724
000000000134 142.174 -00.257 0.547 000003 00.169 10.549 01.832
000000000164 012.741 +00.624 0.547 000003 00.256 04.581 01.208
000000000171 167.804 -00.847 0.544 000003 00.196 07.783 01.574
000000000172 150.555 -00.706 0.576 000003 00.183 08.932 01.686
000000000173 151.525 +00.557 0.552 000003 00.122 20.317 02.543
000000000174 138.052 -00.788 0.553 000003 00.131 17.562 02.364
000000000175 010.237 +00.406 0.572 000003 00.200 07.468 01.542
000000000587 197.799 -00.805 0.614 000003 00.121 20.334 02.544
000000000177 156.056 -00.675 0.545 000003 00.192 08.129 01.609
000000000585 207.070 -01.113 0.596 000003 00.123 19.925 02.518
000000000588 208.361 -00.654 0.615 000003 00.117 21.809 02.635
000000000159 156.628 -00.524 0.562 000003 00.312 03.079 00.990
000000000179 009.680 +00.755 0.582 000003 00.376 02.120 00.821
000000000145 162.736 -00.516 0.541 000003 00.286 03.680 01.082
000000000180 161.518 -01.128 0.581 000003 00.199 07.597 01.555
000000000589 342.358 -00.187 0.607 000003 00.098 31.383 03.161
000000000590 209.028 -00.426 0.601 000003 00.106 26.904 02.926
000000000153 150.706 +00.549 0.548 000003 00.158 11.983 01.953
000000000151 150.362 -00.322 0.567 000003 00.331 02.738 00.934
000000000183 014.640 -01.162 0.596 000003 00.131 17.579 02.366
000000000168 139.123 -00.140 0.557 000003 00.228 05.768 01.355
000000000184 160.859 -00.296 0.558 000003 00.240 05.221 01.289
000000000583 223.046 -00.422 0.610 000003 00.111 24.457 02.790
000000000186 139.710 -00.256 0.589 000003 00.207 06.974 01.490
000000000148 037.729 +00.223 0.522 000003 00.292 03.507 01.057
000000000147 140.485 +00.057 0.532 000003 00.162 11.424 01.907
000000000188 163.985 -00.549 0.540 000003 00.190 08.297 01.625
000000000150 036.747 +00.284 0.551 000003 00.165 11.028 01.874
000000000488 206.294 -00.718 0.553 000003 00.360 02.321 00.859
000000000133 014.969 -00.442 0.529 000003 00.193 08.050 01.601
000000000609 222.836 +00.270 0.619 000003 00.071 59.371 04.347
000000000038 012.698 +00.316 0.482 000003 00.189 08.420 01.637
000000000614 229.363 -00.383 0.620 000003 00.091 36.177 03.393
000000000040 141.999 -00.138 0.505 000003 00.171 10.302 01.811
000000000043 011.084 -00.131 0.482 000003 00.498 01.208 00.620
000000000045 141.702 -00.074 0.479 000003 00.277 03.898 01.114
000000000046 153.000 -00.029 0.491 000003 00.175 09.839 01.770
000000000047 152.508 -00.598 0.484 000003 00.509 01.160 00.608
000000000048 141.994 +00.431 0.490 000003 00.329 02.769 00.939
000000000049 124.420 -00.355 0.484 000003 00.174 09.947 01.779
000000000051 155.924 +00.587 0.500 000003 00.159 11.895 01.946
000000000052 165.960 -00.850 0.482 000003 00.294 03.481 01.053
000000000053 166.983 -00.199 0.496 000003 00.201 07.460 01.541
000000000054 162.394 -00.268 0.500 000003 00.179 09.367 01.727
000000000612 213.098 -00.910 0.646 000003 00.111 24.140 02.772
000000000056 139.234 -00.205 0.483 000003 00.245 04.985 01.260
000000000058 010.783 +00.385 0.501 000003 00.229 05.735 01.351
000000000059 152.496 -00.259 0.498 000003 00.388 01.996 00.797
000000000060 185.385 -01.103 0.497 000003 00.200 07.495 01.545
000000000062 162.648 +00.518 0.474 000003 00.227 05.837 01.363
000000000063 015.142 -00.350 0.484 000003 00.138 15.817 02.244
000000000064 154.900 +00.171 0.507 000003 00.344 02.540 00.899
000000000037 162.224 +00.471 0.468 000003 00.187 08.543 01.649
000000000034 158.857 -00.416 0.484 000003 00.190 08.283 01.624
000000000032 140.886 -00.023 0.472 000003 00.260 04.448 01.190
000000000622 349.008 -00.071 0.669 000003 00.074 54.489 04.165
000000000001 151.321 -00.391 0.429 000003 00.032 292.981 09.657
000000000626 206.203 -00.653 0.681 000003 00.032 288.765 09.587
000000000003 163.559 -00.233 0.461 000003 00.047 135.781 06.574
000000000004 142.664 -00.456 0.436 000003 00.041 176.478 07.495
000000000005 164.179 -00.823 0.428 000003 00.055 100.768 05.664
000000000625 213.985 -00.662 0.677 000003 00.024 541.476 13.128
000000000009 015.688 +00.073 0.447 000003 00.097 31.773 03.180
000000000624 202.753 -00.025 0.643 000003 00.050 120.570 06.195
000000000623 323.835 -00.225 0.684 000003 00.059 86.848 05.258
000000000014 009.745 -00.533 0.456 000003 00.144 14.539 02.151
000000000615 349.985 -00.717 0.612 000003 00.101 29.439 03.061
000000000015 140.324 -00.532 0.474 000003 00.126 18.873 02.451
000000000016 163.648 -00.664 0.465 000003 00.139 15.516 02.222
000000000019 152.133 -00.013 0.462 000003 00.119 21.346 02.607
000000000020 160.186 -00.203 0.469 000003 00.198 07.623 01.558
000000000021 141.250 -00.852 0.476 000003 00.340 02.599 00.910
000000000619 204.396 -00.614 0.633 000003 00.062 78.220 04.990
000000000027 012.987 -00.545 0.464 000003 00.246 04.946 01.255
000000000028 156.005 +00.642 0.459 000003 00.346 02.509 00.894
000000000029 158.683 -00.242 0.462 000003 00.152 12.984 02.033
000000000068 009.523 -00.113 0.498 000003 00.148 13.640 02.084
000000000070 161.795 +00.498 0.506 000003 00.168 10.620 01.839
000000000131 011.959 +00.479 0.527 000003 00.196 07.781 01.574
000000000072 139.079 -00.473 0.505 000003 00.151 13.095 02.042
000000000105 150.201 +00.245 0.519 000003 00.197 07.716 01.567
000000000106 185.303 +00.241 0.521 000003 00.121 20.613 02.562
000000000107 137.697 +00.178 0.525 000003 00.170 10.404 01.820
000000000596 213.274 -00.774 0.602 000003 00.078 49.420 03.966
000000000110 163.886 -00.531 0.532 000003 00.347 02.486 00.890
000000000112 011.511 +00.182 0.500 000003 00.148 13.704 02.089
000000000113 139.087 -00.772 0.527 000003 00.192 08.175 01.613
000000000595 205.086 +00.635 0.608 000003 00.102 28.670 03.021
000000000115 035.007 -00.951 0.523 000003 00.172 10.096 01.793
000000000116 155.313 -00.860 0.516 000003 00.177 09.611 01.749
000000000117 010.536 -00.430 0.542 000003 00.172 10.116 01.794
000000000118 161.718 -00.314 0.512 000003 00.134 16.760 02.310
000000000120 160.799 +00.368 0.526 000003 00.213 06.605 01.450
000000000121 151.335 -00.727 0.526 000003 00.417 01.723 00.741
000000000124 035.395 -00.207 0.542 000003 00.339 02.612 00.912
000000000125 014.844 +00.346 0.532 000003 00.161 11.541 01.917
000000000126 151.099 -00.726 0.520 000003 00.259 04.480 01.194
000000000127 152.720 -00.674 0.524 000003 00.252 04.741 01.228
000000000594 229.194 -00.021 0.597 000003 00.085 41.935 03.654
000000000129 156.340 -00.623 0.539 000003 00.185 08.746 01.668
000000000130 162.683 -00.331 0.536 000003 00.209 06.890 01.481
000000000104 154.177 +00.030 0.520 000003 00.424 01.670 00.729
000000000200 138.312 +00.289 0.586 000003 00.210 06.784 01.469
000000000101 010.816 -00.029 0.513 000003 00.186 08.692 01.663
000000000085 142.204 -00.038 0.508 000003 00.249 04.858 01.244
000000000608 220.809 -00.136 0.638 000003 00.072 58.546 04.317
000000000074 150.454 -00.759 0.506 000003 00.204 07.182 01.512
000000000607 224.862 -00.638 0.629 000003 00.120 20.905 02.580
000000000077 160.056 +00.615 0.507 000003 00.274 04.000 01.128
000000000606 225.927 +00.463 0.608 000003 00.084 42.282 03.669
000000000605 227.389 -00.285 0.618 000003 00.093 34.640 03.321
000000000080 162.255 -00.362 0.482 000003 00.196 07.830 01.579
000000000083 138.487 -00.510 0.509 000003 00.216 06.406 01.428
000000000084 152.509 -00.697 0.507 000003 00.255 04.630 01.214
000000000086 012.897 -00.174 0.512 000003 00.160 11.712 01.931
000000000100 152.557 -00.097 0.521 000003 00.229 05.714 01.349
000000000604 210.276 -00.805 0.613 000003 00.076 51.278 04.040
000000000603 325.321 -00.440 0.628 000003 00.104 27.623 02.965
000000000602 213.524 -00.540 0.629 000003 00.324 02.855 00.953
000000000092 161.933 -00.321 0.510 000003 00.252 04.722 01.226
000000000600 223.866 -00.144 0.632 000003 00.107 25.969 02.875
000000000095 015.188 -00.108 0.515 000003 00.256 04.589 01.209
000000000097 161.529 -00.814 0.529 000003 00.173 10.050 01.789
000000000598 219.906 +00.535 0.601 000003 00.074 55.321 04.196
000000000099 159.521 -00.027 0.514 000003 00.314 03.033 00.983
000000000102 010.591 -00.011 0.509 000003 00.204 07.181 01.512
000000000571 227.740 -00.120 0.587 000003 00.125 19.071 02.464
000000000578 325.528 +00.100 0.571 000003 00.161 11.632 01.924
000000000516 204.712 -00.671 0.575 000003 00.256 04.590 01.209
000000000386 228.980 +00.196 0.512 000003 00.239 05.257 01.294
000000000387 209.893 +00.077 0.497 000003 00.279 03.841 01.106
000000000388 211.993 -00.500 0.518 000003 00.221 06.153 01.399
000000000389 198.164 -00.170 0.512 000003 00.240 05.226 01.290
000000000393 186.561 -00.598 0.503 000003 00.243 05.099 01.274
000000000395 313.558 -00.736 0.500 000003 00.151 13.124 02.044
000000000396 223.524 -00.322 0.505 000003 00.243 05.071 01.270
000000000397 223.861 +00.058 0.516 000003 00.139 15.439 02.217
000000000398 207.401 +00.247 0.506 000003 00.790 00.480 00.391
000000000399 226.158 -00.163 0.507 000003 00.317 02.981 00.974
000000000402 198.587 -00.845 0.503 000003 00.169 10.523 01.830
000000000352 209.798 -00.461 0.492 000003 00.133 16.847 02.316
000000000515 223.086 +00.155 0.567 000003 00.219 06.278 01.414
000000000404 351.281 -01.046 0.503 000003 00.202 07.335 01.528
000000000405 220.271 +00.615 0.508 000003 00.158 11.946 01.950
000000000514 319.938 -00.966 0.563 000003 00.246 04.967 01.257
000000000408 210.146 -00.668 0.529 000003 00.295 03.445 01.047
000000000410 204.902 +00.392 0.506 000003 00.251 04.761 01.231
000000000411 224.671 +00.058 0.524 000003 00.984 00.310 00.314
000000000412 208.252 +00.372 0.497 000003 00.256 04.588 01.208
000000000413 345.151 -00.586 0.501 000003 00.192 08.117 01.607
000000000414 351.444 -00.175 0.502 000003 00.396 01.915 00.781
000000000385 345.123 -00.079 0.511 000003 00.488 01.260 00.633
000000000520 222.484 -00.506 0.566 000003 00.419 01.706 00.737
000000000383 206.605 +00.093 0.493 000003 00.231 05.617 01.337
000000000382 323.992 -01.061 0.519 000003 00.242 05.105 01.275
000000000355 350.311 +00.445 0.511 000003 00.170 10.410 01.820
000000000356 186.173 -00.167 0.504 000003 00.503 01.185 00.614
000000000357 204.148 -01.113 0.497 000003 00.291 03.543 01.062
000000000358 204.253 -00.226 0.485 000003 00.166 10.861 01.859
000000000359 343.858 -00.062 0.499 000003 00.182 09.046 01.697
000000000526 209.227 -00.508 0.573 000003 00.157 12.153 01.967
000000000364 322.255 +00.434 0.501 000003 00.174 09.934 01.778
000000000525 189.888 -00.445 0.578 000003 00.141 14.984 02.184
000000000366 189.012 -00.070 0.508 000003 00.286 03.671 01.081
000000000523 187.640 +00.107 0.542 000003 00.185 08.735 01.667
000000000368 203.844 -00.804 0.510 000003 00.264 04.303 01.170
000000000370 224.642 +00.655 0.509 000003 00.179 09.379 01.728
000000000371 324.638 +00.560 0.498 000003 00.204 07.183 01.512
000000000372 203.890 +00.268 0.510 000003 00.264 04.313 01.172
000000000373 205.128 -00.641 0.502 000003 00.151 13.088 02.041
000000000375 323.743 -00.968 0.516 000003 00.223 06.038 01.386
000000000376 189.091 +00.160 0.514 000003 00.192 08.168 01.612
000000000377 227.623 -00.581 0.517 000003 00.286 03.680 01.082
000000000379 188.709 -00.463 0.498 000003 00.295 03.450 01.048
000000000380 186.491 -00.606 0.509 000003 00.338 02.627 00.914
000000000521 218.932 +00.087 0.558 000003 00.146 14.153 02.123
000000000512 213.522 -00.283 0.570 000003 00.493 01.235 00.627
000000000416 199.682 +00.121 0.509 000003 00.277 03.916 01.117
000000000417 207.237 +00.039 0.522 000003 00.148 13.717 02.090
000000000455 207.331 -00.714 0.541 000003 00.257 04.552 01.204
000000000457 190.466 -00.052 0.544 000003 00.260 04.445 01.189
000000000458 190.555 -00.500 0.551 000003 00.164 11.126 01.882
000000000497 222.052 +00.228 0.536 000003 00.366 02.238 00.844
000000000460 322.213 -00.463 0.539 000003 00.248 04.877 01.246
000000000496 224.544 +00.320 0.534 000003 00.155 12.534 01.997
000000000463 186.854 -00.741 0.540 000003 00.324 02.866 00.955
000000000495 351.053 -00.189 0.531 000003 00.549 00.996 00.563
000000000466 220.383 -00.900 0.557 000003 00.236 05.387 01.310
000000000494 209.371 -00.490 0.533 000003 00.136 16.109 02.264
000000000493 221.976 -00.934 0.537 000003 00.180 09.283 01.719
000000000471 321.757 -00.130 0.523 000003 00.144 14.487 02.147
000000000472 218.916 -00.951 0.536 000003 00.755 00.526 00.409
000000000473 348.866 -00.585 0.553 000003 00.212 06.677 01.458
000000000474 319.988 -00.289 0.541 000003 00.196 07.831 01.579
000000000477 226.381 +00.268 0.553 000003 00.290 03.561 01.065
000000000478 328.106 -00.759 0.562 000003 00.197 07.768 01.572
000000000479 202.579 +00.317 0.537 000003 00.168 10.578 01.835
000000000480 203.558 -01.056 0.550 000003 00.440 01.550 00.702
000000000481 323.723 -00.682 0.543 000003 00.146 14.119 02.120
000000000492 207.257 -00.285 0.536 000003 00.199 07.543 01.550
000000000483 185.697 +00.401 0.558 000003 00.296 03.418 01.043
000000000456 210.092 +00.584 0.553 000003 00.150 13.319 02.059
000000000454 219.328 -00.726 0.539 000003 00.219 06.263 01.412
000000000418 224.919 -00.302 0.539 000003 00.298 03.381 01.037
000000000453 192.785 +00.261 0.535 000003 00.224 05.967 01.378
000000000509 205.899 -00.901 0.540 000003 00.238 05.307 01.300
000000000422 187.295 -01.142 0.517 000003 00.178 09.494 01.738
000000000424 201.932 +00.035 0.537 000003 00.259 04.457 01.191
000000000426 321.384 +00.503 0.532 000003 00.156 12.376 01.985
000000000508 351.136 +00.328 0.568 000003 00.124 19.513 02.492
000000000507 219.756 -00.528 0.543 000003 00.239 05.250 01.293
000000000429 314.223 +00.595 0.519 000003 00.146 14.035 02.114
000000000430 188.104 +00.235 0.558 000003 00.250 04.788 01.235
000000000431 199.706 -01.082 0.524 000003 00.169 10.483 01.827
000000000432 199.820 +00.328 0.543 000003 00.193 08.060 01.602
000000000433 206.638 -00.287 0.548 000003 00.338 02.628 00.915
000000000504 320.765 -00.020 0.565 000003 00.221 06.119 01.396
000000000440 321.861 -00.281 0.530 000003 00.312 03.091 00.992
000000000503 208.997 -00.134 0.548 000003 00.214 06.525 01.441
000000000444 219.087 +00.169 0.540 000003 00.247 04.909 01.250
000000000445 327.145 -00.062 0.513 000003 00.290 03.579 01.067
000000000446 320.470 -00.356 0.558 000003 00.148 13.745 02.092
000000000447 224.127 +00.641 0.523 000003 00.451 01.476 00.685
000000000501 207.793 -00.705 0.564 000003 00.163 11.319 01.898
000000000449 351.965 -00.824 0.533 000003 00.159 11.842 01.941
000000000451 224.497 +00.216 0.526 000003 00.179 09.349 01.725
000000000353 227.943 -00.646 0.490 000003 00.254 04.660 01.218
000000000528 348.899 -00.148 0.575 000003 00.215 06.504 01.439
000000000202 034.518 -00.700 0.606 000003 00.134 16.735 02.308
000000000568 326.405 -00.257 0.606 000003 00.111 24.248 02.778
000000000573 202.402 -00.592 0.584 000003 00.212 06.679 01.458
000000000238 167.277 +00.118 0.663 000003 00.062 78.202 04.989
000000000239 033.431 +00.064 0.669 000003 00.082 44.330 03.756
000000000241 164.240 +00.529 0.662 000003 00.031 307.139 09.888
000000000242 163.565 +00.149 0.674 000003 00.017 1005.338 17.889
000000000572 229.032 +00.292 0.574 000003 00.097 31.837 03.183
000000000489 207.607 -00.486 0.529 000003 00.483 01.288 00.640
000000000570 206.697 -00.562 0.594 000003 00.132 17.263 02.344
000000000569 189.671 -00.326 0.593 000003 00.152 12.964 02.031
000000000248 188.657 -00.327 0.442 000003 00.048 128.062 06.385
000000000253 221.639 -00.673 0.434 000003 00.049 127.521 06.371
000000000529 207.369 +00.585 0.553 000003 00.234 05.476 01.320
000000000257 327.337 -00.181 0.452 000003 00.199 07.546 01.550
000000000562 347.791 -00.310 0.582 000003 00.128 18.425 02.422
000000000259 219.479 -00.284 0.436 000003 00.193 08.044 01.600
000000000561 202.058 +00.343 0.593 000003 00.121 20.324 02.544
000000000262 323.995 -00.346 0.448 000003 00.151 13.121 02.044
000000000265 205.220 -01.032 0.446 000003 00.105 27.408 02.954
000000000266 201.132 -00.520 0.437 000003 00.101 29.410 03.060
000000000559 219.302 -00.455 0.569 000003 00.169 10.451 01.824
000000000269 225.967 -00.188 0.479 000003 00.248 04.883 01.247
000000000558 187.728 -00.500 0.607 000003 00.110 24.863 02.813
000000000236 035.171 -01.018 0.645 000003 00.065 70.852 04.749
000000000235 037.379 -00.070 0.660 000003 00.078 49.458 03.968
000000000233 151.209 -00.544 0.611 000003 00.112 23.879 02.757
000000000232 152.092 +00.309 0.627 000003 00.100 29.862 03.083
000000000203 035.053 -00.646 0.596 000003 00.179 09.399 01.730
000000000205 143.116 -00.321 0.611 000003 00.195 07.919 01.588
000000000208 156.846 -00.093 0.614 000003 00.117 21.998 02.646
000000000577 186.610 +00.265 0.586 000003 00.131 17.591 02.366
000000000211 152.837 -00.259 0.600 000003 00.119 21.222 02.599
000000000576 213.463 -00.027 0.602 000003 00.135 16.527 02.294
000000000213 010.806 +00.385 0.589 000003 00.113 23.544 02.738
000000000215 143.230 -00.862 0.614 000003 00.142 14.845 02.174
000000000216 010.885 -00.317 0.621 000003 00.171 10.221 01.804
000000000217 034.026 -00.689 0.589 000003 00.102 28.771 03.026
000000000219 140.541 -00.864 0.596 000003 00.136 16.197 02.271
000000000220 167.022 +00.267 0.623 000003 00.139 15.525 02.223
000000000221 151.925 -00.584 0.608 000003 00.158 12.092 01.962
000000000222 009.481 -00.084 0.612 000003 00.103 28.021 02.987
000000000223 164.353 -00.997 0.604 000003 00.090 36.863 03.425
000000000224 153.618 -00.660 0.622 000003 00.132 17.285 02.346
000000000225 141.375 +00.667 0.619 000003 00.104 27.883 02.979
000000000575 219.721 -00.095 0.574 000003 00.286 03.668 01.081
000000000227 154.408 -00.160 0.631 000003 00.106 26.657 02.913
000000000228 008.862 +00.322 0.606 000003 00.081 45.741 03.816
000000000231 141.447 -00.132 0.601 000003 00.089 37.815 03.469
000000000557 207.576 -00.037 0.578 000003 00.124 19.487 02.491
000000000556 343.118 -00.911 0.566 000003 00.186 08.707 01.665
000000000274 314.666 -00.473 0.459 000003 00.109 25.089 02.826
000000000310 321.254 -00.135 0.490 000003 00.386 02.017 00.801
000000000627 314.227 +00.119 0.682 000003 00.023 575.031 13.529
000000000315 190.620 +00.086 0.477 000003 00.199 07.565 01.552
000000000541 218.124 +00.030 0.571 000003 00.934 00.344 00.331
000000000318 203.522 +00.309 0.475 000003 00.136 16.162 02.268
000000000319 224.596 -00.120 0.482 000003 00.239 05.248 01.292
000000000322 213.183 +00.580 0.488 000003 00.179 09.413 01.731
000000000323 314.376 +00.323 0.474 000003 00.193 08.082 01.604
000000000324 202.749 -00.495 0.494 000003 00.312 03.082 00.991
000000000326 206.869 +00.559 0.491 000003 00.187 08.550 01.650
000000000330 213.526 +00.797 0.497 000003 00.213 06.593 01.449
000000000331 220.794 -00.577 0.495 000003 00.152 12.988 02.033
000000000537 205.923 +00.026 0.551 000003 00.137 15.872 02.248
000000000334 204.599 +00.262 0.493 000003 00.178 09.455 01.735
000000000337 325.398 +00.451 0.502 000003 00.246 04.959 01.256
000000000536 210.562 -00.578 0.586 000003 00.122 20.319 02.543
000000000534 186.965 -00.001 0.568 000003 00.302 03.290 01.023
000000000531 218.236 +00.396 0.584 000003 00.217 06.381 01.425
000000000342 207.148 -00.320 0.504 000003 00.180 09.232 01.714
000000000343 191.053 +00.626 0.491 000003 00.152 12.940 02.030
000000000344 185.922 -00.693 0.487 000003 00.725 00.571 00.426
000000000530 199.427 -01.102 0.564 000003 00.139 15.638 02.231
000000000313 314.310 -00.663 0.488 000003 00.170 10.351 01.815
000000000308 323.290 +00.395 0.461 000003 00.257 04.550 01.203
000000000275 185.764 -00.005 0.463 000003 00.089 38.171 03.486
000000000307 204.391 +00.066 0.475 000003 00.313 03.060 00.987
000000000552 212.601 -00.441 0.592 000003 00.318 02.972 00.973
000000000551 203.570 +00.335 0.574 000003 00.125 19.076 02.464
000000000280 225.436 -00.272 0.470 000003 00.107 26.438 02.901
000000000550 210.420 -00.580 0.564 000003 00.107 26.079 02.881
000000000282 326.946 -00.512 0.466 000003 00.141 15.031 02.187
000000000284 224.776 -00.474 0.457 000003 00.118 21.390 02.609
000000000548 205.032 +00.563 0.569 000003 00.105 27.075 02.936
000000000546 206.629 -00.433 0.571 000003 00.142 14.884 02.177
000000000292 187.762 +00.598 0.476 000003 00.154 12.674 02.009
000000000293 207.814 -00.679 0.481 000003 00.195 07.850 01.581
000000000294 342.737 -00.820 0.465 000003 00.156 12.319 01.980
000000000295 212.737 -00.586 0.475 000003 00.158 12.005 01.955
000000000298 224.969 +00.492 0.474 000003 00.142 14.956 02.182
000000000299 351.339 -00.348 0.476 000003 00.263 04.353 01.177
000000000300 185.707 +00.136 0.478 000003 00.312 03.090 00.992
000000000301 191.624 -00.363 0.466 000003 00.138 15.717 02.237
000000000302 325.729 -00.293 0.482 000003 00.132 17.314 02.348
000000000544 323.769 -00.591 0.563 000003 00.140 15.381 02.213
000000000304 226.009 -00.775 0.478 000003 00.224 05.955 01.377
000000000305 211.650 -00.208 0.483 000003 00.192 08.173 01.613
000000000543 349.495 -00.105 0.584 000003 00.181 09.178 01.709
000000000628 190.587 +00.328 0.674 000003 00.019 831.005 16.264
