#C_ID		Rich	RA		Dec		z		Sigma (km/s)		Size (arcsec)	log Mass (M_solar)
000000000001	029	204.84448	-0.50719	0.43817		04082.42		1131.44		16.7732
000000000465	019	346.39763	+0.09681	0.62033		06511.88		682.64		17.3196
000000000175	012	158.90119	-0.04465	0.52491		09852.04		184.00		17.8910
000000000037	012	190.75711	+0.07047	0.47165		05395.01		273.08		17.1247
000000000067	011	152.86640	+0.03501	0.48062		05029.37		264.55		17.0302
000000000047	011	321.15697	-0.02372	0.48943		08945.67		322.74		17.7774
000000000477	011	161.26504	-0.29485	0.60439		08537.28		377.41		17.6777
000000000366	010	322.46402	-0.47815	0.60200		14611.87		386.73		18.3786
000000000363	010	325.87908	-0.45613	0.56092		08302.82		249.20		17.6559
000000000305	010	322.18411	-0.78085	0.57133		11560.26		181.05		18.0836
000000000072	009	342.38729	-0.44759	0.50147		09599.59		159.97		17.8652
000000000350	009	140.60015	+0.07991	0.57541		06502.91		290.91		17.3327
000000000309	009	151.92988	+0.04383	0.57738		13075.64		238.27		18.2421
000000000125	009	156.67100	-0.30373	0.49548		04810.54		184.53		16.9671
000000000432	009	222.77313	+0.05633	0.58423		08406.97		266.79		17.6643
000000000261	008	343.59967	-0.64185	0.55458		09124.32		219.68		17.7810
000000000285	008	220.17283	-0.65586	0.56226		06247.27		239.86		17.2848
000000000451	008	209.96182	-0.66646	0.59249		07766.43		276.29		17.5583
000000000396	008	034.95841	-0.12777	0.58312		04030.84		330.61		16.7070
000000000437	008	322.79974	-0.22901	0.58035		04856.50		258.68		16.9507
000000000198	008	321.57106	-0.06378	0.52584		07328.71		135.77		17.5052
000000000297	008	202.21956	-0.37202	0.56683		06287.38		181.73		17.2916
000000000036	008	191.64419	-0.52284	0.46810		02449.91		245.07		16.0974
000000000082	008	142.16670	+0.06873	0.49345		05801.32		103.11		17.2118
000000000009	008	323.26099	-0.07494	0.44817		04672.13		491.18		16.9455
000000000008	008	218.96405	+0.24385	0.44928		04014.30		360.93		16.7474
000000000151	008	348.63241	-0.09133	0.52143		08142.40		195.66		17.6439
000000000133	008	186.20297	-0.66978	0.51471		10905.53		103.24		18.0268
000000000131	008	150.26957	+0.15374	0.51069		07983.63		172.49		17.6219
000000000381	007	221.35327	-0.57874	0.57382		06989.91		195.44		17.4273
000000000022	007	203.54723	-0.75417	0.45396		03278.89		321.31		16.4821
000000000384	007	223.70089	-0.46043	0.57216		09665.91		182.64		17.8502
000000000020	007	207.91175	+0.39417	0.47070		08157.72		171.30		17.6638
000000000030	007	321.68661	-0.40372	0.46934		05829.42		213.91		17.2264
000000000139	007	210.29985	+0.28428	0.50661		07187.63		117.19		17.4864
000000000345	007	207.87752	-0.22353	0.54726		04939.54		178.72		16.9839
000000000342	007	326.42632	-0.49574	0.57540		08983.31		186.93		17.7537
000000000333	007	220.01721	-0.47205	0.56021		04712.95		113.00		16.9183
000000000088	007	325.32701	+0.18561	0.49636		07344.81		150.88		17.5181
000000000098	007	204.24400	+0.03233	0.48249		05835.25		187.49		17.2232
000000000357	007	152.24002	-0.03854	0.55784		05617.78		208.93		17.1480
000000000229	007	185.36535	-0.45287	0.53060		07885.22		122.04		17.5989
000000000000	007	218.56589	-0.17530	0.41749		05363.32		1443.35		17.1360
000000000563	007	012.91291	-0.87373	0.63442		06822.82		438.01		17.3757
000000000341	006	211.73354	+0.04309	0.55983		06934.35		173.07		17.4216
000000000168	006	204.21102	-0.36236	0.52120		08185.60		063.81		17.6508
000000000293	006	201.47132	+0.25467	0.53741		04309.88		210.19		16.8096
000000000080	006	185.59578	-1.16369	0.48826		06195.55		111.60		17.2992
000000000178	006	321.63551	-0.52198	0.54283		10684.40		158.84		17.9906
000000000442	006	161.89106	-0.38662	0.60826		08300.03		152.59		17.6397
000000000016	006	225.83274	+0.22091	0.45835		02315.11		212.53		16.0271
000000000584	006	161.93733	+0.46982	0.67264		04992.88		1040.44		16.9564
000000000095	006	226.76913	+0.80748	0.50227		09439.77		096.79		17.8431
000000000569	006	137.91698	-0.54949	0.62907		05517.63		369.12		17.1008
000000000155	006	153.31189	-0.25993	0.53275		07779.76		250.24		17.5807
000000000153	006	222.39969	-0.70638	0.51203		05787.78		212.27		17.2024
000000000400	006	152.13804	-0.44009	0.58593		09445.53		174.43		17.8155
000000000425	006	206.93554	-0.01655	0.58565		06859.08		198.88		17.3987
000000000445	006	218.76562	+0.34397	0.57916		04492.50		187.52		16.8496
000000000019	006	150.78095	+0.49847	0.46497		07767.47		141.99		17.6019
000000000043	006	321.55067	+0.16509	0.46467		02707.36		256.01		16.2288
000000000044	006	323.83343	-0.72013	0.46288		04527.95		175.28		16.8995
000000000246	006	352.08319	-0.38948	0.54677		10218.51		128.00		17.9312
000000000228	006	138.33886	-0.62235	0.52048		04926.48		165.93		16.9895
000000000231	006	010.29663	+0.16562	0.53187		06091.45		113.59		17.2622
000000000473	006	142.63102	+0.40415	0.60269		04896.23		379.49		16.9539
000000000011	006	211.28732	+0.14181	0.46196		05821.85		271.05		17.2273
000000000066	006	227.67262	+0.04520	0.47140		04643.51		148.63		16.9294
000000000189	006	210.18042	+0.16296	0.53933		09429.68		105.81		17.8290
000000000056	006	199.55282	+0.08707	0.48404		08034.68		109.60		17.6394
000000000402	005	223.67133	+0.26879	0.57174		09200.43		101.68		17.7860
000000000399	005	210.76555	-0.46823	0.57245		08880.04		161.03		17.7396
000000000105	005	219.09523	-0.06684	0.48541		03743.49		053.24		16.6438
000000000394	005	205.61263	-0.66889	0.56280		05575.28		103.95		17.1364
000000000055	005	327.86360	+0.24184	0.47307		04712.21		152.07		16.9479
000000000453	005	321.80579	-1.05836	0.59099		05661.17		155.10		17.1469
000000000449	005	151.66885	-0.91451	0.56834		04513.14		217.48		16.8592
000000000388	005	155.31728	-0.47720	0.57205		08332.65		054.17		17.6568
000000000078	005	222.50046	+0.09913	0.48174		06291.54		145.41		17.3215
000000000409	005	211.81682	-0.23779	0.56770		03889.92		171.63		16.6658
000000000461	005	211.29460	-0.46014	0.56939		04080.56		129.11		16.7275
000000000060	005	151.96892	-0.01093	0.47952		05226.73		101.39		17.0807
000000000429	005	187.28286	+0.61043	0.57889		08617.48		109.59		17.6983
000000000061	005	152.67012	-0.46252	0.48788		04769.10		118.81		16.9584
000000000108	005	322.98620	-0.51375	0.49021		04057.66		093.99		16.7471
000000000218	005	343.37778	-0.46616	0.53115		02512.01		047.57		16.1084
000000000371	005	211.51098	-0.73329	0.56593		06422.90		145.25		17.3197
000000000272	005	222.75500	-0.86213	0.52499		02656.72		165.32		16.1834
000000000266	005	200.04198	+0.04629	0.54170		05317.56		110.60		17.0819
000000000257	005	205.82226	-0.53418	0.52845		07641.38		113.60		17.5587
000000000196	005	321.02496	-0.11897	0.51852		06303.85		093.18		17.3114
000000000181	005	156.42445	-0.27941	0.51105		05862.68		155.00		17.2194
000000000252	005	199.64023	-0.43978	0.53330		07138.59		149.16		17.4684
000000000239	005	161.83959	+0.09409	0.52785		08165.00		115.67		17.6453
000000000236	005	206.63373	-0.01778	0.51189		05984.42		141.93		17.2459
000000000232	005	185.95545	+0.26408	0.53637		05346.79		155.52		17.0908
000000000216	005	154.91231	+0.36042	0.53731		09852.94		118.60		17.8869
000000000247	005	156.14918	+0.36199	0.53764		10231.13		123.64		17.9359
000000000110	005	155.04515	-0.62483	0.49212		08130.79		157.74		17.6521
000000000283	005	202.32399	-0.02856	0.54478		04535.29		161.40		16.8735
000000000180	005	162.15414	+0.22979	0.50370		04761.63		071.96		16.9509
000000000171	005	203.64237	+0.34804	0.51514		04847.55		060.86		16.9703
000000000364	005	205.53343	+0.28483	0.57655		09823.34		102.74		17.8698
000000000362	005	150.82674	-0.50299	0.54423		03017.98		154.86		16.3430
000000000360	005	221.97989	-0.59845	0.55784		03085.24		168.82		16.3671
000000000051	005	226.23786	+0.54558	0.49264		07412.87		136.32		17.5314
000000000173	005	228.21830	-0.04624	0.52103		08186.05		130.70		17.6510
000000000329	005	203.65972	+0.17800	0.54140		04718.10		139.16		16.9261
000000000160	005	162.10966	-0.83864	0.51169		06415.84		095.77		17.3367
000000000302	005	345.09465	+0.15221	0.55413		08481.39		093.57		17.6859
000000000166	005	151.60612	-0.24385	0.50908		05423.81		110.19		17.1187
000000000571	005	221.33938	+0.19592	0.66635		03119.72		522.76		16.3457
000000000156	005	212.50856	-0.26402	0.51522		07908.99		168.08		17.6081
000000000049	005	157.55455	+0.30400	0.47083		04563.14		142.14		16.9068
000000000386	005	156.79880	-0.35694	0.57556		02317.52		206.40		15.9884
000000000489	005	141.61181	+0.52081	0.58244		06741.12		178.72		17.3772
000000000530	005	325.73844	+0.29163	0.60481		07440.18		257.17		17.4983
000000000526	005	208.80443	+0.17147	0.62013		04218.82		167.06		16.7541
000000000515	005	185.23534	-0.48477	0.60205		07366.82		226.37		17.4863
000000000007	005	186.02142	-0.34645	0.44750		01441.36		386.85		15.4135
000000000042	005	229.67951	-0.29555	0.47738		04933.97		230.82		17.0063
000000000034	005	207.58088	+0.00641	0.48248		04431.63		139.00		16.8647
000000000505	005	140.71291	+0.39036	0.58942		03424.27		260.31		16.4924
000000000023	005	123.96032	+0.28260	0.46967		04757.09		202.29		16.9614
000000000514	005	321.90093	+0.13192	0.59381		02348.28		238.58		15.9995
000000000551	005	343.68411	-0.00337	0.60965		06030.72		296.19		17.2231
000000000519	005	033.77412	+0.07027	0.61991		03101.62		343.99		16.3533
000000000013	005	212.48239	-0.44181	0.44535		02394.88		342.67		16.0757
000000000002	005	188.29580	+0.31045	0.44453		04710.30		285.60		16.9573
000000000335	004	348.28349	-0.78123	0.54680		06224.96		122.97		17.2854
000000000338	004	199.84128	+0.45135	0.53567		04468.21		148.08		16.8572
000000000138	004	140.25410	-0.77532	0.49858		06220.45		100.39		17.3009
000000000334	004	150.67004	+0.20465	0.55024		07351.88		058.60		17.5010
000000000336	004	162.53442	+0.01397	0.55431		04804.32		117.68		16.9454
000000000480	004	204.81885	-0.24354	0.59294		07965.09		186.51		17.5911
000000000578	004	326.71200	-0.49390	0.65045		05151.83		328.72		17.0044
000000000577	004	205.91368	-0.29457	0.64480		05261.56		214.18		17.0337
000000000148	004	203.48030	-0.63069	0.49528		05417.09		143.32		17.1219
000000000339	004	206.89731	+0.25357	0.53278		04480.45		107.26		16.8617
000000000145	004	014.34687	+0.12731	0.50978		05072.50		090.50		17.0313
000000000321	004	037.84521	-0.16965	0.54933		06227.78		124.97		17.2851
000000000330	004	205.79873	+0.04807	0.53727		04175.82		105.67		16.7684
000000000332	004	123.14935	-0.25844	0.53120		07032.47		111.13		17.4496
000000000144	004	224.48510	+0.32099	0.48213		02558.62		086.81		16.1491
000000000340	004	034.96757	+0.35729	0.54266		05185.78		115.89		17.0488
000000000351	004	187.53594	-0.18842	0.53982		01010.63		119.58		14.9191
000000000134	004	190.30581	-0.81183	0.47811		04384.52		160.54		16.8523
000000000374	004	010.65989	-0.65985	0.54851		05758.53		118.52		17.1833
000000000115	004	150.04781	+0.55533	0.48904		02636.31		097.80		16.1857
000000000512	004	155.62418	-0.40610	0.60275		09377.24		232.70		17.8005
000000000113	004	190.50430	+0.53629	0.49736		01019.06		111.78		14.9445
000000000380	004	321.64204	-0.21091	0.54671		05136.91		104.36		17.0351
000000000511	004	142.03535	-0.36353	0.60166		01494.82		165.15		15.4084
000000000112	004	321.74432	+0.13936	0.50476		08621.36		066.84		17.7240
000000000343	004	167.38120	+0.23679	0.54999		05484.48		096.55		17.1193
000000000121	004	321.49349	-0.17238	0.49325		05669.87		078.17		17.1820
000000000370	004	343.71364	-0.72069	0.55942		03744.78		087.69		16.6190
000000000029	004	203.95192	-0.02117	0.45125		04403.86		155.23		16.8673
000000000349	004	218.62046	+0.02638	0.55494		04584.98		113.82		16.8843
000000000154	004	015.13155	+0.23300	0.51578		06297.38		087.08		17.3110
000000000365	004	344.63399	-0.10563	0.54494		05459.26		117.26		17.1150
000000000126	004	190.43579	+0.33011	0.49679		06862.15		077.00		17.4294
000000000581	004	227.16778	-0.66013	0.65654		04093.02		286.78		16.7027
000000000516	004	150.74168	-0.58235	0.60338		06911.60		246.60		17.4028
000000000564	004	163.06547	+0.55055	0.64710		04762.04		204.97		16.9030
000000000026	004	326.09355	-0.33661	0.45713		02283.01		232.86		16.0093
000000000159	004	141.19394	-0.08729	0.48620		03815.08		158.09		16.6682
000000000157	004	150.55760	+0.18694	0.50105		06551.88		129.93		17.3677
000000000254	004	345.51608	+0.30791	0.54818		03734.54		160.17		16.6192
000000000542	004	224.78675	+0.17818	0.61499		02248.01		321.16		15.9356
000000000248	004	199.20888	+0.27064	0.52132		03073.98		063.24		16.3747
000000000194	004	199.64038	-0.81619	0.51109		05258.00		114.53		17.0776
000000000190	004	322.30334	-0.07439	0.50580		03416.15		097.81		16.5176
000000000263	004	163.47580	-0.08896	0.52552		02910.10		146.78		16.3019
000000000193	004	322.37588	+0.18494	0.50523		05669.01		091.79		17.1777
000000000188	004	164.02202	-0.31188	0.50452		03237.47		139.69		16.4480
000000000201	004	212.61175	+0.23535	0.50451		04172.01		093.97		16.7784
000000000006	004	187.86137	-0.64243	0.44045		00423.91		283.48		13.8214
000000000207	004	150.96173	-0.11475	0.49113		07079.13		127.67		17.4719
000000000213	004	033.35437	+0.06992	0.52730		05914.92		127.17		17.2255
000000000549	004	218.03783	-0.78346	0.61565		03978.81		231.53		16.6792
000000000206	004	156.15142	-0.27751	0.52401		07568.70		066.14		17.5478
000000000233	004	227.86309	-0.11759	0.52019		01312.31		130.83		15.2661
000000000004	004	205.61156	+0.37856	0.45381		05760.39		254.55		17.2163
000000000208	004	190.56409	+0.38084	0.52771		07102.08		071.18		17.4636
000000000234	004	199.87558	-0.02483	0.51810		06437.75		141.99		17.3390
000000000025	004	166.27970	-0.08030	0.45613		03768.00		189.61		16.6625
000000000187	004	162.60363	-0.79461	0.49763		05746.38		048.11		17.1979
000000000012	004	185.33525	+0.25352	0.44295		03362.18		322.65		16.5186
000000000014	004	156.39441	-0.03180	0.46337		03891.73		213.79		16.7020
000000000300	004	219.63435	-0.94463	0.53179		06415.92		148.17		17.3299
000000000163	004	150.51312	-0.11065	0.51606		04857.37		060.46		16.9726
000000000295	004	166.33037	-0.96349	0.54915		07399.18		112.14		17.5097
000000000306	004	326.04855	-0.46321	0.55045		04108.57		102.69		16.7428
000000000383	004	152.28629	-0.39793	0.55219		05207.85		144.18		17.0511
000000000522	004	224.07129	-0.05378	0.60789		04740.02		132.61		16.9099
000000000523	004	207.00007	-0.15155	0.60704		07064.82		183.57		17.4301
000000000269	004	155.14007	+0.10494	0.53174		05111.43		116.56		17.0337
000000000591	004	150.67022	-0.72945	0.67142		02512.33		631.18		16.0620
000000000294	004	010.36092	-0.92693	0.53213		03341.30		134.49		16.4797
000000000174	004	321.48816	-0.52812	0.49580		04830.65		062.65		16.9724
000000000553	004	219.45542	-0.28605	0.61467		03501.00		259.84		16.5129
000000000277	004	205.48791	+0.37861	0.53127		03603.37		116.97		16.5784
000000000170	004	205.42005	+0.30365	0.50165		03032.54		057.10		16.3638
000000000015	004	185.50768	-0.55048	0.44255		02053.23		295.89		15.8762
000000000176	004	139.42749	+0.29326	0.51686		08239.63		129.82		17.6609
000000000576	004	218.90090	-0.72059	0.65298		02541.27		466.05		16.0829
000000000279	004	227.04381	+0.25378	0.54328		04259.10		119.18		16.7921
000000000221	004	207.43069	-0.44644	0.51952		05189.46		110.64		17.0576
000000000580	004	188.75142	+0.17996	0.64864		04186.21		267.23		16.7346
000000000415	004	013.57627	-0.95438	0.57746		04700.69		143.22		16.9092
000000000499	004	011.55961	-0.53253	0.60427		06678.76		170.87		17.3578
000000000468	004	010.60545	+0.15457	0.57536		05297.85		151.46		17.0657
000000000057	004	221.34714	+0.09924	0.48132		07354.83		142.80		17.5251
000000000493	004	350.92130	+0.15727	0.59508		04432.96		200.79		16.8269
000000000071	004	010.33699	-0.31874	0.48666		02405.09		121.49		16.0669
000000000408	004	166.52890	+0.41271	0.56193		03883.01		163.68		16.6654
000000000065	004	152.40247	-0.55564	0.47057		01746.92		131.70		15.6559
000000000470	004	205.46368	-0.51457	0.60013		03338.88		225.33		16.4559
000000000407	004	167.49755	+0.78115	0.56023		04034.95		138.60		16.7160
000000000494	004	205.39060	-0.69300	0.61400		04085.48		090.74		16.7142
000000000436	004	036.31335	-0.73633	0.57450		06423.08		138.05		17.3169
000000000413	004	345.94103	+0.15249	0.58011		05973.56		097.64		17.2205
000000000428	004	208.65881	-0.07767	0.58346		03257.55		136.61		16.4293
000000000068	004	202.25754	-0.08603	0.48015		02280.29		135.88		15.9998
000000000089	004	010.08826	-0.97897	0.47685		05885.60		144.63		17.2363
000000000459	004	219.62721	-0.46080	0.57239		04156.95		172.93		16.7507
000000000501	004	150.96114	-0.80417	0.57568		06725.41		164.77		17.3764
000000000502	004	222.05060	-0.63057	0.61041		04831.63		259.90		16.9340
000000000491	004	199.68160	+0.11662	0.60030		03487.10		203.21		16.5125
000000000064	004	200.81884	-0.23904	0.47440		03081.77		095.58		16.3942
000000000092	004	156.05545	-0.40356	0.50176		05788.56		125.03		17.2061
000000000093	004	151.18896	-0.65166	0.48618		05409.54		110.51		17.1232
000000000426	004	150.11446	-0.06867	0.57479		05467.31		112.98		17.1069
000000000419	004	219.13137	-0.18632	0.58825		09621.92		172.05		17.8389
000000000488	004	321.01571	-0.61002	0.59084		06444.36		136.67		17.3157
000000000485	004	034.67233	-0.19948	0.58190		05604.68		189.14		17.1368
000000000448	004	323.80605	+0.22169	0.58118		08309.45		176.15		17.6501
000000000457	004	163.12837	+0.76578	0.54700		04787.64		180.51		16.9433
000000000389	004	322.55387	+0.12736	0.56770		08113.35		120.04		17.6235
000000000390	004	151.01506	-0.40821	0.55971		04167.48		132.73		16.7583
000000000587	004	185.86129	+0.12735	0.65694		03667.01		566.80		16.5594
000000000439	004	205.84575	+0.30838	0.58798		07987.20		089.97		17.5963
000000000107	004	208.00727	-0.38019	0.48820		04928.06		071.53		17.0010
000000000046	004	036.57694	+0.01892	0.46186		04592.52		145.38		16.9183
000000000393	004	206.08161	-0.04181	0.56467		02572.55		169.94		16.1281
000000000033	004	210.63923	-0.51796	0.45886		00901.30		121.01		14.7978
000000000559	004	197.99574	-0.55910	0.59870		03047.52		237.81		16.3374
000000000585	004	204.85719	-0.56345	0.65804		05171.06		346.78		17.0068
000000000053	004	186.33776	-0.18926	0.46737		04439.44		193.88		16.8722
000000000102	004	344.86405	+0.00285	0.47131		03180.16		112.65		16.4362
000000000401	004	009.51327	+0.45906	0.56477		09823.51		175.40		17.8737
000000000506	004	211.64464	-0.49612	0.59736		06557.81		178.94		17.3363
000000000398	004	162.74062	-0.40457	0.57990		07299.58		154.93		17.4818
000000000079	004	185.82286	-0.75933	0.48649		04057.38		128.81		16.7483
000000000054	004	190.67133	-0.46257	0.46786		02216.80		229.53		15.9672
000000000103	004	347.01565	-0.48685	0.50600		04146.20		117.05		16.7698
000000000040	003	140.34508	-0.52773	0.47148		01551.81		162.93		15.5013
000000000074	003	342.73718	-0.80382	0.46601		01478.62		128.76		15.4403
000000000186	003	204.24747	-0.23269	0.49167		03670.05		118.10		16.6158
000000000586	003	167.26539	+0.11995	0.65767		03309.61		311.01		16.4255
000000000041	003	163.64834	-0.65115	0.45669		03794.90		130.78		16.6715
000000000073	003	012.99198	-0.55068	0.47337		04196.11		084.29		16.7967
000000000185	003	162.24859	-0.35041	0.48591		03867.67		107.69		16.6862
000000000177	003	227.94611	-0.64618	0.49038		03589.72		075.08		16.5874
000000000070	003	207.81227	-0.68003	0.48207		00801.24		096.66		14.6364
000000000069	003	187.75554	+0.59177	0.47879		03932.99		120.07		16.7104
000000000018	003	015.69398	+0.08910	0.44991		02491.48		193.25		16.1257
000000000182	003	350.30916	+0.44498	0.50516		05787.25		109.79		17.2046
000000000017	003	327.32998	-0.17966	0.45387		01404.77		098.40		15.3777
000000000184	003	204.14196	-1.11466	0.50034		02070.76		071.54		15.8672
000000000183	003	186.17219	-0.17098	0.49498		04201.23		035.25		16.7908
000000000179	003	160.07227	+0.61462	0.50067		05117.48		081.90		17.0459
000000000590	003	323.81470	-0.22286	0.66838		08460.68		338.49		17.6449
000000000191	003	138.48391	-0.51483	0.50555		02610.17		084.35		16.1671
000000000005	003	188.66185	-0.31184	0.43557		02900.10		401.69		16.3286
000000000045	003	225.43591	-0.28020	0.46807		01531.81		169.16		15.4856
000000000209	003	323.74201	-0.95544	0.50832		04950.97		088.73		17.0002
000000000003	003	163.56861	-0.23258	0.46232		00986.56		388.25		14.9144
000000000052	003	224.78152	-0.47276	0.46064		03064.98		153.45		16.3918
000000000205	003	205.12742	-0.64271	0.50251		01581.08		122.27		15.5149
000000000210	003	189.10199	+0.15200	0.51164		02336.08		103.78		16.0204
000000000212	003	155.55237	-0.12966	0.50047		06320.95		067.51		17.3211
000000000050	003	152.15443	-0.00397	0.45651		03457.52		163.77		16.5503
000000000214	003	203.83604	+0.36264	0.51249		02902.71		094.72		16.3031
000000000215	003	188.71861	-0.45336	0.50162		06316.05		077.07		17.3197
000000000217	003	186.48297	-0.61719	0.51004		01740.28		071.11		15.6374
000000000211	003	227.61341	-0.56969	0.51436		03035.82		081.81		16.3609
000000000010	003	221.61949	-0.71117	0.43888		02472.53		362.96		16.1196
000000000203	003	324.64928	+0.55975	0.50610		07737.38		097.22		17.5826
000000000204	003	203.89909	+0.26635	0.51445		02450.89		079.43		16.0820
000000000058	003	160.16736	-0.20680	0.46425		02395.70		115.01		16.0696
000000000192	003	152.50980	-0.70393	0.50433		04578.07		076.39		16.8995
000000000593	003	206.25506	-0.68022	0.68761		02917.58		617.43		16.2516
000000000195	003	322.25139	+0.42727	0.50028		04243.50		108.54		16.8020
000000000063	003	013.79620	+0.45982	0.46770		03518.87		103.97		16.5693
000000000172	003	150.45117	-0.75462	0.51036		04006.14		088.71		16.7236
000000000202	003	224.65280	+0.65611	0.50523		03606.20		096.35		16.5883
000000000062	003	224.80306	-0.69959	0.47812		01885.00		144.82		15.7524
000000000594	003	314.24278	+0.10627	0.67916		03009.18		835.82		16.2946
000000000575	003	229.95909	-0.73117	0.61925		03206.50		431941.82		16.3969
000000000199	003	203.84051	-0.79295	0.50917		02221.31		079.24		15.9556
000000000200	003	142.20721	-0.04527	0.50503		02819.33		081.52		16.2677
000000000059	003	141.25177	-0.86164	0.47610		04059.51		058.56		16.7526
000000000197	003	189.01366	-0.06724	0.51029		02424.72		066.86		16.0694
000000000592	003	213.84676	-0.64951	0.67091		03279.68		780.95		16.4094
000000000024	003	324.56154	-0.59142	0.45068		02083.79		202.73		15.8926
000000000169	003	228.39337	-0.57047	0.50855		01935.43		100.20		15.7763
000000000127	003	155.91899	+0.59614	0.49647		01802.82		123.87		15.6880
000000000128	003	165.96105	-0.84861	0.48985		04940.51		062.32		17.0038
000000000129	003	166.97570	-0.20142	0.48510		06535.45		100.59		17.3699
000000000130	003	162.38936	-0.27305	0.48489		07107.82		110.05		17.4794
000000000048	003	326.97250	-0.51629	0.46295		01136.43		143.19		15.0984
000000000099	003	321.26089	-0.13250	0.48771		03719.14		054.35		16.6345
000000000132	003	139.25006	-0.20336	0.48609		02592.31		084.79		16.1648
000000000035	003	225.96773	-0.20393	0.47413		02490.43		093.88		16.1167
000000000582	003	035.18780	-1.01370	0.64216		02813.27		298.86		16.2189
000000000135	003	158.35362	+0.63104	0.47690		03855.53		095.90		16.6852
000000000136	003	213.51348	+0.79889	0.48964		04368.84		095.86		16.8436
000000000097	003	323.28357	+0.39339	0.46817		03167.29		074.19		16.4320
000000000137	003	220.79597	-0.57267	0.48840		04839.61		126.84		16.9774
000000000579	003	037.36851	-0.07599	0.65565		02153.74		248.96		15.8664
000000000028	003	009.74476	-0.52885	0.45295		02207.66		134.40		15.9670
000000000124	003	142.00665	+0.43052	0.49436		02243.18		069.62		15.9735
000000000100	003	162.23022	+0.47018	0.47243		03176.25		106.04		16.4342
000000000123	003	152.50861	-0.59530	0.48490		03398.42		038.38		16.5180
000000000109	003	224.60595	-0.11975	0.48191		02021.64		087.82		15.8423
000000000031	003	205.20399	-1.03138	0.44685		02737.04		190.99		16.2492
000000000111	003	141.99341	-0.13524	0.50565		00932.42		105.76		14.8258
000000000106	003	190.61713	+0.07313	0.47655		01220.26		094.19		15.1864
000000000032	003	201.12588	-0.54111	0.43647		01535.38		209.48		15.4997
000000000101	003	012.70023	+0.32445	0.47653		04617.06		099.09		16.9201
000000000116	003	314.36804	+0.32113	0.48142		05316.16		093.51		17.1021
000000000114	003	213.18494	+0.57359	0.49202		01893.24		098.12		15.7533
000000000118	003	141.70109	-0.06980	0.48059		02551.98		071.62		16.1463
000000000104	003	314.30919	-0.65693	0.48236		02486.44		115.45		16.1118
000000000119	003	202.75879	-0.49315	0.49127		03130.37		068.37		16.4087
000000000120	003	153.00179	-0.02349	0.48706		04654.64		109.86		16.9271
000000000122	003	206.87321	+0.55687	0.48775		01640.78		101.93		15.5683
000000000117	003	011.07662	-0.13290	0.48226		05280.71		045.77		17.0931
000000000075	003	212.73668	-0.58742	0.47272		01830.82		116.44		15.7163
000000000096	003	204.38619	+0.05916	0.47645		01527.63		062.14		15.4791
000000000091	003	226.01692	-0.76237	0.47342		03803.11		100.30		16.6685
000000000083	003	351.32677	-0.34587	0.47369		02522.47		085.47		16.1335
000000000081	003	224.97799	+0.49638	0.47112		02402.89		139.14		16.0711
000000000588	003	033.42983	+0.08033	0.66137		04716.07		232.35		16.8857
000000000161	003	191.04288	+0.63348	0.49314		03125.53		117.16		16.4061
000000000162	003	161.79066	+0.49616	0.50676		02728.75		114.09		16.2245
000000000158	003	009.51052	-0.09810	0.49964		01499.72		126.16		15.4471
000000000165	003	124.41394	-0.34235	0.48366		02688.96		107.66		16.2133
000000000164	003	139.06582	-0.47519	0.50129		01566.16		114.58		15.5030
000000000167	003	185.91974	-0.69423	0.49207		02406.89		026.55		16.0660
000000000077	003	158.68785	-0.24273	0.46721		03042.21		118.39		16.3798
000000000076	003	156.00056	+0.64993	0.46336		01995.77		062.42		15.8319
000000000039	003	185.76253	+0.00183	0.45710		04560.51		202.42		16.9108
000000000021	003	219.46542	-0.26691	0.43970		01692.78		119.43		15.6257
000000000038	003	314.67746	-0.48620	0.46057		02228.13		174.28		15.9764
000000000094	003	211.64936	-0.19282	0.48068		04362.25		105.86		16.8447
000000000085	003	140.88385	-0.01591	0.47251		01320.92		076.12		15.2911
000000000084	003	185.70297	+0.13118	0.47233		03287.15		057.31		16.4790
000000000086	003	191.61258	-0.34843	0.46235		04227.71		141.45		16.8103
000000000140	003	010.78296	+0.39146	0.49918		02119.25		083.80		15.8978
000000000090	003	158.85012	-0.41765	0.48508		02107.96		098.40		15.8957
000000000027	003	324.01291	-0.34595	0.44675		03244.50		143.22		16.4709
000000000141	003	152.49305	-0.25424	0.49684		03327.90		046.97		16.4865
000000000142	003	204.58781	+0.27378	0.49665		01629.89		107.88		15.5566
000000000589	003	349.00464	-0.12329	0.66500		02189.97		310.08		15.8851
000000000583	003	204.37847	-0.65614	0.63366		03460.96		288.95		16.4916
000000000143	003	185.38566	-1.10189	0.49010		05231.32		093.93		17.0782
000000000147	003	162.66118	+0.51692	0.48044		02983.71		096.42		16.3500
000000000087	003	325.73022	-0.29739	0.48211		01980.13		136.69		15.8152
000000000149	003	015.13644	-0.35280	0.49107		05929.90		140.32		17.2412
000000000150	003	325.40310	+0.44290	0.50486		02368.57		078.95		16.0407
000000000152	003	154.89924	+0.16978	0.50220		02224.98		055.89		15.9602
000000000146	003	187.12111	+0.20288	0.47876		06359.12		058.30		17.3365
000000000552	003	223.86953	-0.16633	0.62034		07366.93		193.77		17.4803
000000000219	003	323.98865	-1.07147	0.51407		02985.70		081.25		16.3393
000000000276	003	187.28387	-1.14139	0.52064		03123.12		111.29		16.3956
000000000222	003	161.93354	-0.30477	0.50459		02698.68		088.24		16.2108
000000000450	003	186.95954	+0.00387	0.56317		05205.90		060.70		17.0470
000000000447	003	160.86778	-0.28354	0.56782		04356.17		093.83		16.8132
000000000446	003	014.63186	-1.15003	0.59185		02620.25		144.82		16.1429
000000000556	003	210.26666	-0.78167	0.60933		01852.70		227.72		15.6855
000000000443	003	199.43693	-1.12134	0.55822		03502.10		131.18		16.5321
000000000444	003	218.22019	+0.39826	0.57727		04470.90		102.32		16.8439
000000000440	003	348.89550	-0.14072	0.57906		03985.49		096.33		16.6936
000000000438	003	209.21777	-0.50195	0.56498		07101.75		113.76		17.4510
000000000557	003	227.39054	-0.30496	0.61293		05337.08		198.42		17.0628
000000000441	003	207.37677	+0.58925	0.56149		06638.77		084.11		17.3643
000000000435	003	161.53009	-1.12725	0.57944		01200.00		106.65		15.1296
000000000454	003	205.92280	+0.03577	0.56308		06798.49		137.41		17.3947
000000000452	003	210.56661	-0.57770	0.58376		01964.25		157.57		15.7702
000000000456	003	151.54329	+0.54499	0.55177		03946.89		148.71		16.6901
000000000469	003	206.63240	-0.41834	0.57807		04044.68		134.19		16.7131
000000000467	003	015.14730	-0.51590	0.58259		05068.95		100.90		17.0057
000000000466	003	220.21216	-0.40939	0.59949		06405.25		130.76		17.3049
000000000455	003	139.70476	-0.25338	0.57830		05373.72		096.55		17.0832
000000000464	003	013.95461	-0.59749	0.58047		03866.64		170.45		16.6537
000000000555	003	325.33287	-0.45232	0.62337		01895.88		174.11		15.7109
000000000462	003	349.51201	-0.10689	0.58247		00847.25		111.47		14.6750
000000000460	003	218.12334	+0.03323	0.56646		05782.69		022.39		17.1828
000000000458	003	163.98384	-0.53377	0.55507		07680.23		115.29		17.5563
000000000463	003	189.90296	-0.45503	0.57939		01523.97		131.98		15.4410
000000000471	003	205.66510	+0.19516	0.57794		04225.16		164.22		16.7700
000000000434	003	187.62685	+0.10576	0.55561		07408.80		114.42		17.5093
000000000558	003	209.01760	-0.41694	0.60584		02403.68		186.74		16.0258
000000000410	003	015.67701	-0.36553	0.56201		04221.52		124.60		16.7743
000000000406	003	205.89554	-0.89802	0.54859		05269.48		083.58		17.0677
000000000405	003	351.14691	+0.33189	0.56706		04689.84		158.06		16.9096
000000000411	003	139.10528	-0.14762	0.55502		03073.93		103.97		16.3633
000000000403	003	012.72943	+0.61485	0.55696		04904.31		089.48		16.9713
000000000404	003	219.75537	-0.53295	0.54665		04380.51		082.00		16.8276
000000000395	003	208.99811	-0.13402	0.55671		06128.23		088.25		17.2617
000000000392	003	156.62213	-0.52582	0.56269		01335.72		059.21		15.2748
000000000391	003	207.79316	-0.69013	0.56023		03572.12		112.95		16.5572
000000000397	003	320.76419	-0.02214	0.56267		00986.12		086.24		14.8794
000000000433	003	009.67545	+0.75512	0.57389		06740.31		051.99		17.3799
000000000414	003	156.46365	-0.11959	0.55057		03133.66		116.78		16.3899
000000000412	003	151.36560	+0.37513	0.54960		04381.21		150.92		16.8268
000000000417	003	167.78600	-0.84809	0.55673		07953.14		105.79		17.6013
000000000431	003	218.92984	+0.09594	0.55809		05094.83		126.15		17.0206
000000000430	003	222.48780	-0.50871	0.56164		02429.21		049.56		16.0544
000000000427	003	156.04619	-0.66227	0.54554		01971.44		113.62		15.7878
000000000416	003	213.52335	-0.27633	0.57159		01616.11		037.05		15.5201
000000000423	003	138.06937	-0.77065	0.55233		00559.94		144.53		14.1456
000000000424	003	010.23733	+0.38839	0.56756		02409.40		106.33		16.0417
000000000421	003	223.10004	+0.15820	0.56800		05936.32		094.67		17.2164
000000000420	003	319.94828	-0.97277	0.56492		04761.02		077.85		16.9300
000000000418	003	150.56520	-0.71201	0.56599		05041.20		103.91		17.0041
000000000422	003	204.72691	-0.67030	0.57004		02776.43		090.88		16.2256
000000000387	003	320.00451	-0.28267	0.54478		04583.06		105.45		16.8871
000000000474	003	154.99520	-0.53177	0.58304		06254.12		172.55		17.2793
000000000472	003	140.43655	-0.60927	0.58048		03796.32		083.34		16.6298
000000000476	003	212.60033	-0.45120	0.58317		04772.06		068.56		16.9269
000000000534	003	320.42961	+0.61016	0.59011		03575.36		164.47		16.5484
000000000533	003	034.03962	-0.67265	0.58733		08162.77		192.21		17.6249
000000000532	003	013.84043	-0.50902	0.60817		03387.69		193.20		16.4722
000000000535	003	167.04036	+0.26476	0.61664		03962.18		142.53		16.6735
000000000529	003	010.87593	-0.31326	0.61749		01747.19		114.66		15.6064
000000000531	003	197.78008	-0.81517	0.60866		02205.62		151.87		15.9129
000000000527	003	207.07432	-1.09781	0.59901		05020.89		167.32		16.9878
000000000525	003	143.24250	-0.87202	0.61437		02967.32		131.58		16.2975
000000000524	003	223.02762	-0.40371	0.61545		02814.71		173.88		16.2283
000000000528	003	206.71018	-0.56477	0.60194		04124.09		157.28		16.7305
000000000521	003	013.95515	-0.12842	0.59114		05093.44		167.70		17.0091
000000000537	003	342.33880	-0.21561	0.60268		02340.03		187.87		15.9919
000000000536	003	208.36597	-0.64276	0.62092		05838.88		168.00		17.1772
000000000539	003	009.49164	-0.06624	0.60649		04986.62		180.70		16.9764
000000000550	003	219.91481	+0.54296	0.61342		06062.72		258.20		17.2287
000000000548	003	213.25711	-0.78533	0.60734		04139.78		252.68		16.7337
000000000547	003	141.34637	+0.65580	0.62161		01396.23		199.20		15.3129
000000000538	003	151.92472	-0.57866	0.61128		03822.78		114.66		16.6286
000000000545	003	229.21522	-0.05372	0.59739		00927.96		225.37		14.7886
000000000546	003	205.10559	+0.64750	0.60941		03652.79		180.44		16.5699
000000000543	003	325.51157	-0.23790	0.63074		03036.87		143.97		16.3223
000000000541	003	153.61850	-0.65096	0.62294		01221.93		148.50		15.1387
000000000540	003	164.37233	-1.02277	0.60972		05584.57		213.06		17.1229
000000000544	003	140.57008	-0.86080	0.60212		02993.89		159.61		16.3132
000000000475	003	203.58147	+0.32852	0.57236		01898.32		146.19		15.7295
000000000520	003	010.80564	+0.37456	0.58914		00879.50		174.07		14.7215
000000000517	003	321.05375	-0.07029	0.59561		03515.02		158.81		16.5244
000000000487	003	219.29873	-0.45372	0.57873		04850.49		113.81		16.9496
000000000486	003	138.30408	+0.28637	0.58752		01442.25		086.38		15.3664
000000000484	003	187.73451	-0.48765	0.59231		06602.82		161.08		17.3469
000000000490	003	323.78123	-0.59316	0.56261		04284.96		137.85		16.7935
000000000482	003	207.57781	-0.04351	0.57564		02811.63		156.98		16.2402
000000000483	003	221.79047	-0.02320	0.58390		04717.94		110.78		16.9118
000000000479	003	155.88696	+0.41162	0.57514		04904.31		123.25		16.9652
000000000478	003	011.69206	+0.42305	0.58030		04098.57		137.09		16.7296
000000000554	003	213.51897	-0.53752	0.62522		04717.50		053.86		16.8980
000000000481	003	206.30087	+0.68328	0.57175		02752.97		139.35		16.2140
000000000518	003	152.84385	-0.26428	0.59749		07014.96		160.36		17.4241
000000000495	003	034.52849	-0.70876	0.60698		01912.19		144.77		15.7274
000000000492	003	320.81330	-0.29119	0.59119		04516.56		132.84		16.8525
000000000497	003	189.65436	-0.33454	0.58741		08154.06		121.96		17.6235
000000000513	003	156.86032	-0.08734	0.60047		05739.31		166.66		17.1616
000000000510	003	162.28529	-0.34928	0.58265		01385.58		161.79		15.3158
000000000509	003	186.62433	+0.27357	0.58867		04638.14		155.22		16.8880
000000000496	003	326.40643	-0.25197	0.60046		03800.10		161.39		16.6244
000000000507	003	219.71798	-0.09236	0.58447		04595.74		064.39		16.8774
000000000508	003	213.46634	-0.02872	0.59854		04902.65		136.23		16.9569
000000000503	003	227.75021	-0.10484	0.58939		05866.24		156.10		17.1938
000000000500	003	143.10532	-0.32166	0.60294		05498.45		100.82		17.1049
000000000498	003	035.05362	-0.65141	0.59861		02730.53		109.74		16.1944
000000000504	003	202.39006	-0.59949	0.59619		05281.91		090.79		17.0548
000000000220	003	206.60813	+0.09526	0.49494		04473.01		084.77		16.8725
000000000560	003	225.90887	+0.45673	0.61166		03754.67		217.12		16.6050
000000000385	003	150.72470	+0.53858	0.54968		00979.43		118.56		14.8749
000000000561	003	154.40020	-0.17438	0.62156		06653.53		173.37		17.3472
000000000275	003	139.08316	-0.76350	0.51882		04625.91		107.94		16.9081
000000000274	003	205.67945	-0.24357	0.51756		03186.45		054.21		16.4229
000000000273	003	321.82906	-1.17356	0.52400		05559.84		092.67		17.1459
000000000278	003	201.93117	+0.03192	0.53675		00691.58		072.06		14.4259
000000000270	003	207.24478	+0.04683	0.52489		03685.71		129.00		16.6100
000000000271	003	224.91750	-0.31515	0.53771		00897.44		071.95		14.7651
000000000267	003	199.68862	+0.12265	0.51474		03962.78		073.81		16.7079
000000000265	003	351.44572	-0.18057	0.51232		05148.76		051.47		17.0498
000000000264	003	345.15378	-0.57890	0.51254		06464.61		105.03		17.3463
000000000268	003	163.88217	-0.52691	0.53405		01787.74		056.99		15.6642
000000000262	003	167.73082	-0.63926	0.51635		04823.33		128.58		16.9634
000000000281	003	321.39098	+0.51180	0.52342		05530.38		126.31		17.1392
000000000280	003	035.02127	-0.95413	0.52462		06227.93		114.25		17.2936
000000000284	003	150.49379	-0.85063	0.53803		02775.96		117.14		16.2362
000000000296	003	035.39102	-0.20749	0.53609		03741.65		055.70		16.6258
000000000292	003	210.47228	-0.26635	0.53832		06840.91		102.38		17.4112
000000000291	003	206.64527	-0.28712	0.53955		07581.98		062.04		17.5448
000000000282	003	010.54141	-0.42328	0.54449		02449.77		105.61		16.0712
000000000289	003	199.81831	+0.31244	0.54232		08638.97		105.86		17.7139
000000000290	003	151.33811	-0.72805	0.53236		07571.68		043.71		17.5455
000000000287	003	199.70741	-1.07672	0.53120		03843.66		111.69		16.6625
000000000286	003	188.09911	+0.23508	0.54624		06811.54		071.21		17.4029
000000000572	003	213.10470	-0.89897	0.64525		05491.51		163.05		17.0893
000000000288	003	160.80183	+0.37191	0.53147		04948.50		091.96		16.9916
000000000298	003	349.38741	+0.29427	0.53348		07052.66		069.17		17.4526
000000000573	003	010.31581	-0.04306	0.62860		06028.01		207.92		17.2162
000000000259	003	224.67073	+0.05757	0.52447		03842.88		019.27		16.6645
000000000237	003	161.52246	-0.81226	0.52512		05715.29		111.42		17.1815
000000000235	003	186.56468	-0.59159	0.51073		03706.15		082.71		16.6220
000000000230	003	015.18746	-0.10004	0.51670		06974.76		076.02		17.4438
000000000238	003	223.52199	-0.32419	0.50356		04631.47		077.21		16.9149
000000000227	003	198.16082	-0.18669	0.50853		03774.86		093.15		16.6467
000000000574	003	220.82993	-0.11371	0.63640		02998.52		258.90		16.3039
000000000225	003	209.88184	+0.07628	0.49903		03983.87		078.41		16.7202
000000000224	003	228.97822	+0.18188	0.50800		02858.60		081.36		16.2847
000000000223	003	345.13143	-0.07606	0.51142		00235.24		048.98		13.0296
000000000226	003	211.99230	-0.49573	0.52244		02122.99		088.02		15.8921
000000000260	003	208.24731	+0.37177	0.51030		07176.19		071.28		17.4831
000000000241	003	152.54247	-0.09410	0.51666		01842.96		096.23		15.7098
000000000240	003	159.51943	-0.02642	0.51802		03187.19		060.79		16.4230
000000000243	003	226.14686	-0.16284	0.51158		02594.23		064.91		16.1570
000000000258	003	204.88908	+0.39281	0.51846		07488.78		080.76		17.5359
000000000256	003	137.71025	+0.19058	0.52641		04542.06		111.53		16.8817
000000000255	003	210.14463	-0.68093	0.53165		02812.64		073.62		16.2555
000000000242	003	207.39680	+0.24614	0.51048		05264.16		027.49		17.0793
000000000251	003	220.27324	+0.61358	0.51021		02863.86		119.98		16.2863
000000000253	003	150.21054	+0.25581	0.52121		02312.83		097.71		16.0041
000000000249	003	351.27999	-1.04680	0.50359		03785.99		091.15		16.6523
000000000245	003	010.58770	-0.01480	0.51201		05050.82		095.62		17.0249
000000000244	003	010.80449	-0.01478	0.50796		04529.47		097.70		16.8844
000000000250	003	154.18129	+0.03143	0.50884		05240.40		048.70		17.0740
000000000382	003	150.37203	-0.32322	0.56680		03407.88		060.50		16.4937
000000000301	003	321.87224	-0.28432	0.53529		02196.52		070.34		15.9321
000000000299	003	014.85239	+0.34022	0.53434		06830.53		120.32		17.4106
000000000304	003	151.10650	-0.73042	0.53120		05763.06		068.52		17.1902
000000000356	003	202.58374	+0.32461	0.53765		02895.87		117.55		16.2914
000000000355	003	328.11279	-0.76510	0.55340		07159.49		104.11		17.4654
000000000354	003	162.72844	-0.52764	0.54393		03394.60		080.41		16.4963
000000000358	003	203.55456	-1.06103	0.54574		02202.08		042.75		15.9319
000000000352	003	035.45271	-0.27264	0.53853		04103.43		119.61		16.7452
000000000353	003	226.38312	+0.27886	0.55208		01686.73		068.16		15.5823
000000000348	003	140.08308	+0.49151	0.53873		03650.80		082.68		16.5929
000000000347	003	015.82873	-0.39682	0.54830		02294.36		111.15		15.9845
000000000346	003	348.86888	-0.57842	0.55239		02820.84		096.26		16.2522
000000000565	003	141.45286	-0.13766	0.61000		07026.35		205.31		17.4220
000000000566	003	224.84175	-0.64776	0.62816		03004.88		179.16		16.3093
000000000361	003	185.68510	+0.41051	0.54433		06276.00		078.83		17.2969
000000000359	003	140.50229	+0.06511	0.53420		02920.78		111.52		16.3038
000000000367	003	206.29357	-0.72100	0.54343		03899.34		054.69		16.6771
000000000379	003	036.73293	+0.27340	0.55095		04483.27		116.74		16.8564
000000000378	003	222.05332	+0.22870	0.53931		03459.50		052.11		16.5226
000000000377	003	224.53778	+0.31571	0.53659		04668.67		126.65		16.9140
000000000562	003	008.85589	+0.32618	0.61162		05392.47		237.28		17.0767
000000000375	003	155.62126	-0.16618	0.54295		05035.26		138.06		17.0104
000000000376	003	351.05211	-0.19708	0.54187		05003.09		043.16		17.0024
000000000372	003	207.25491	-0.28802	0.53822		04047.57		091.50		16.7275
000000000369	003	037.73870	+0.22760	0.53267		05788.43		065.40		17.1955
000000000368	003	207.61257	-0.48334	0.53496		06950.59		038.75		17.4331
000000000373	003	221.97470	-0.93504	0.54361		03350.20		102.74		16.4793
000000000303	003	153.39114	-0.13675	0.53484		02760.57		099.06		16.2300
000000000344	003	218.91346	-0.95017	0.54632		04556.80		028.39		16.8791
000000000337	003	220.37832	-0.90424	0.55267		04629.39		082.23		16.8976
000000000315	003	351.96120	-0.81297	0.53334		04909.24		115.41		16.9806
000000000314	003	346.89163	-0.45347	0.52691		06672.41		091.41		17.3826
000000000313	003	224.13130	+0.64889	0.52823		03968.09		050.32		16.7050
000000000316	003	224.51180	+0.21605	0.53080		05322.22		112.42		17.0867
000000000311	003	320.47166	-0.35630	0.54649		05286.46		126.77		17.0726
000000000312	003	156.33586	-0.63428	0.54361		02364.87		094.47		16.0255
000000000308	003	152.72423	-0.67207	0.52716		05224.90		075.91		17.0639
000000000307	003	219.08141	+0.15469	0.53327		03072.04		089.99		16.3699
000000000570	003	222.82102	+0.26945	0.61819		02165.42		262.06		15.8858
000000000310	003	327.14668	-0.06330	0.53036		08868.03		067.01		17.7520
000000000567	003	152.09847	+0.29956	0.62627		05051.03		192.23		16.9866
000000000318	003	011.94891	+0.47940	0.53465		03217.36		106.39		16.4296
000000000317	003	162.68929	-0.33463	0.54048		02939.29		095.31		16.3099
000000000320	003	219.31897	-0.71715	0.54175		02272.71		081.66		15.9743
000000000568	003	151.23880	-0.55248	0.62110		06254.60		199.53		17.2668
000000000331	003	186.84391	-0.74988	0.53275		03744.93		073.12		16.6281
000000000328	003	322.20734	-0.47438	0.53126		06749.47		085.44		17.3961
000000000319	003	192.78469	+0.26047	0.53481		03559.93		083.54		16.5614
000000000326	003	190.46638	-0.05255	0.53779		03236.04		071.22		16.4361
000000000327	003	190.55132	-0.50399	0.55696		03796.10		108.89		16.6376
000000000324	003	142.16503	-0.25258	0.53702		05067.82		108.49		17.0208
000000000323	003	207.33726	-0.71796	0.53300		03250.82		079.51		16.4436
000000000322	003	014.96872	-0.45242	0.53649		04678.33		105.59		16.9168
000000000325	003	210.08835	+0.58956	0.54829		06315.37		121.27		17.3037
000000000595	003	163.63882	+0.08155	0.67237		03117.12		1139.06		16.3427
