#C_ID		C_Rich	C_Mass	G_ID		G_RA		G_DEC		G_z
000000000046	011	15.424	000000000635	190.787690	+0.053645	0.46930
000000000046	011	15.424	000000000970	190.804770	+0.061072	0.46200
000000000046	011	15.424	000000007067	190.757920	+0.033164	0.46920
000000000046	011	15.424	000000012887	190.786210	+0.030408	0.46940
000000000046	011	15.424	000000009322	190.842940	+0.020734	0.46600
000000000046	011	15.424	000000008167	190.721100	+0.051151	0.46910
000000000046	011	15.424	000000005136	190.685880	+0.025387	0.46950
000000000046	011	15.424	000000010256	190.631210	+0.026913	0.45970
000000000046	011	15.424	000000011822	190.630790	+0.085675	0.46580
000000000046	011	15.424	000000005652	190.600940	+0.094009	0.47310
000000000046	011	15.424	000000010353	190.619670	+0.039704	0.47870
000000000182	011	15.764	000000003762	321.116040	-0.164064	0.45980
000000000182	011	15.764	000000005425	321.135930	-0.202755	0.46600
000000000182	011	15.764	000000012911	321.144130	-0.123539	0.46800
000000000182	011	15.764	000000012711	321.112340	-0.260463	0.46250
000000000182	011	15.764	000000010615	321.111600	-0.076017	0.46860
000000000182	011	15.764	000000012488	321.055400	-0.248485	0.46880
000000000182	011	15.764	000000006456	321.087880	-0.029037	0.46590
000000000182	011	15.764	000000004648	321.153720	-0.010604	0.46830
000000000182	011	15.764	000000007198	321.158760	-0.040491	0.45320
000000000182	011	15.764	000000008430	321.178480	+0.010579	0.46570
000000000182	011	15.764	000000013102	321.162120	+0.030823	0.44920
000000000030	010	15.154	000000000306	210.639180	-0.519714	0.43290
000000000030	010	15.154	000000005067	210.639340	-0.547376	0.43720
000000000030	010	15.154	000000008050	210.611120	-0.544804	0.43590
000000000030	010	15.154	000000011676	210.561750	-0.577574	0.44180
000000000030	010	15.154	000000002710	210.667260	-0.459952	0.43960
000000000030	010	15.154	000000003699	210.660490	-0.464219	0.43900
000000000030	010	15.154	000000007254	210.620610	-0.540175	0.44030
000000000030	010	15.154	000000003027	210.531810	-0.606926	0.44410
000000000030	010	15.154	000000001173	210.498110	-0.658840	0.44710
000000000030	010	15.154	000000001478	210.508250	-0.649514	0.44280
000000000128	008	14.702	000000002186	342.368250	-0.486897	0.49210
000000000128	008	14.702	000000002246	342.350740	-0.518058	0.49530
000000000128	008	14.702	000000005544	342.395510	-0.439302	0.50040
000000000128	008	14.702	000000011162	342.362550	-0.478255	0.49840
000000000128	008	14.702	000000006129	342.401470	-0.428453	0.50110
000000000128	008	14.702	000000008088	342.428780	-0.440486	0.49780
000000000128	008	14.702	000000009398	342.406200	-0.385525	0.50040
000000000128	008	14.702	000000007581	342.406920	-0.384734	0.49730
000000000079	007	14.956	000000001268	344.807060	-0.042009	0.51070
000000000079	007	14.956	000000008829	344.838590	-0.024632	0.51290
000000000079	007	14.956	000000009081	344.784350	-0.058153	0.50970
000000000079	007	14.956	000000005193	344.852780	+0.004433	0.51400
000000000079	007	14.956	000000007044	344.850480	-0.000115	0.51140
000000000079	007	14.956	000000009490	344.903780	-0.006618	0.50480
000000000079	007	14.956	000000012965	344.861060	+0.038207	0.51660
000000000039	007	14.049	000000000456	191.556440	-0.514435	0.48610
000000000039	007	14.049	000000000932	191.556420	-0.485799	0.48370
000000000039	007	14.049	000000003390	191.579960	-0.539338	0.48890
000000000039	007	14.049	000000007652	191.573620	-0.461157	0.48640
000000000039	007	14.049	000000002350	191.550700	-0.586157	0.48580
000000000039	007	14.049	000000003284	191.591920	-0.414272	0.48860
000000000039	007	14.049	000000002601	191.521460	-0.619385	0.48800
000000000018	007	15.495	000000000227	343.383860	-0.471997	0.57380
000000000018	007	15.495	000000000701	343.378040	-0.467247	0.58400
000000000018	007	15.495	000000000750	343.334480	-0.506694	0.56750
000000000018	007	15.495	000000004138	343.389600	-0.457499	0.56940
000000000018	007	15.495	000000004144	343.367610	-0.485889	0.56850
000000000018	007	15.495	000000009725	343.429180	-0.446895	0.57020
000000000018	007	15.495	000000003311	343.333590	-0.574439	0.56950
000000000057	006	13.655	000000000864	202.201900	-0.368015	0.52760
000000000057	006	13.655	000000001085	202.188630	-0.369457	0.53000
000000000057	006	13.655	000000005451	202.193570	-0.315884	0.52650
000000000057	006	13.655	000000007190	202.200910	-0.371019	0.52880
000000000057	006	13.655	000000009141	202.195940	-0.402942	0.52750
000000000057	006	13.655	000000010173	202.193630	-0.314194	0.52980
000000000086	006	15.158	000000001400	190.732370	+0.157717	0.47140
000000000086	006	15.158	000000002567	190.737780	+0.170223	0.46820
000000000086	006	15.158	000000002711	190.778020	+0.136556	0.46770
000000000086	006	15.158	000000003244	190.757110	+0.186380	0.47460
000000000086	006	15.158	000000006273	190.769990	+0.130717	0.46510
000000000086	006	15.158	000000012936	190.801940	+0.125578	0.46240
000000000113	006	14.261	000000001913	205.653190	+0.155914	0.52750
000000000113	006	14.261	000000002103	205.600190	+0.152354	0.53030
000000000113	006	14.261	000000004567	205.603620	+0.135106	0.52830
000000000113	006	14.261	000000005754	205.601280	+0.134422	0.52480
000000000113	006	14.261	000000010533	205.645400	+0.173521	0.53030
000000000113	006	14.261	000000011669	205.595610	+0.111001	0.52610
000000000119	006	15.700	000000002006	219.981610	-0.459222	0.54260
000000000119	006	15.700	000000003196	219.999960	-0.462850	0.55530
000000000119	006	15.700	000000005975	219.995820	-0.462426	0.54270
000000000119	006	15.700	000000007546	220.011670	-0.511866	0.53770
000000000119	006	15.700	000000002684	220.054480	-0.477836	0.54010
000000000119	006	15.700	000000011629	220.056550	-0.478902	0.53670
000000000093	006	15.436	000000001508	205.229170	-0.164368	0.43550
000000000093	006	15.436	000000004938	205.303120	-0.177538	0.44830
000000000093	006	15.436	000000009375	205.282040	-0.214410	0.44750
000000000093	006	15.436	000000002001	205.313060	-0.164508	0.44770
000000000093	006	15.436	000000012004	205.324980	-0.159823	0.45000
000000000093	006	15.436	000000012283	205.282700	-0.143279	0.44870
000000000031	006	15.856	000000000330	207.554200	+0.017838	0.50450
000000000031	006	15.856	000000004866	207.591160	+0.014177	0.50710
000000000031	006	15.856	000000003243	207.575510	-0.037234	0.51860
000000000031	006	15.856	000000010138	207.601150	+0.017445	0.52050
000000000031	006	15.856	000000012379	207.605720	-0.033131	0.52040
000000000031	006	15.856	000000004200	207.598660	-0.023583	0.52130
000000000107	006	15.188	000000001811	219.051510	+0.283659	0.45630
000000000107	006	15.188	000000003055	219.002050	+0.277298	0.45980
000000000107	006	15.188	000000004338	218.999110	+0.287987	0.45890
000000000107	006	15.188	000000007150	219.032210	+0.275145	0.45960
000000000107	006	15.188	000000007358	219.081150	+0.253295	0.46020
000000000107	006	15.188	000000005359	219.028150	+0.210660	0.46930
000000000019	006	14.025	000000000240	226.006420	-0.786882	0.44610
000000000019	006	14.025	000000005237	226.035750	-0.725143	0.44150
000000000019	006	14.025	000000008758	225.959950	-0.769001	0.44160
000000000019	006	14.025	000000010835	226.054390	-0.798231	0.44480
000000000019	006	14.025	000000007212	225.921220	-0.698951	0.44290
000000000019	006	14.025	000000000798	226.111150	-0.791398	0.44370
000000000091	006	14.148	000000001498	204.255180	+0.021398	0.47740
000000000091	006	14.148	000000002742	204.290090	+0.053660	0.48190
000000000091	006	14.148	000000003476	204.198680	+0.017102	0.47780
000000000091	006	14.148	000000008839	204.260010	+0.086020	0.47780
000000000091	006	14.148	000000009438	204.303120	+0.059602	0.47760
000000000091	006	14.148	000000006445	204.155600	-0.014759	0.47590
000000000159	006	15.387	000000003018	211.250510	+0.154852	0.44800
000000000159	006	15.387	000000008842	211.316780	+0.178564	0.43920
000000000159	006	15.387	000000009755	211.279840	+0.131085	0.44870
000000000159	006	15.387	000000011907	211.324560	+0.189447	0.43940
000000000159	006	15.387	000000012445	211.284920	+0.215825	0.44150
000000000159	006	15.387	000000003099	211.376440	+0.169879	0.43590
000000000125	006	15.600	000000002080	206.636280	-0.037916	0.46870
000000000125	006	15.600	000000003122	206.602920	+0.002560	0.48100
000000000125	006	15.600	000000003382	206.590930	+0.063993	0.48590
000000000125	006	15.600	000000012693	206.602030	+0.064282	0.48360
000000000125	006	15.600	000000004216	206.604770	+0.092706	0.48360
000000000125	006	15.600	000000007557	206.617580	+0.128802	0.48040
000000000105	006	13.060	000000001748	202.278530	-0.113227	0.48860
000000000105	006	13.060	000000009115	202.267010	-0.090367	0.48930
000000000105	006	13.060	000000010071	202.255230	-0.069346	0.49050
000000000105	006	13.060	000000011965	202.282540	-0.116808	0.48790
000000000105	006	13.060	000000013125	202.213840	-0.044736	0.48940
000000000105	006	13.060	000000009679	202.205150	+0.004526	0.48940
000000000067	006	14.326	000000000995	326.087120	-0.485758	0.59520
000000000067	006	14.326	000000001633	326.049470	-0.440559	0.59250
000000000067	006	14.326	000000006041	326.050680	-0.467628	0.58790
000000000067	006	14.326	000000012635	326.043420	-0.430376	0.59250
000000000067	006	14.326	000000010788	326.006920	-0.458896	0.59120
000000000067	006	14.326	000000012819	326.010400	-0.476600	0.59150
000000000142	005	15.071	000000002548	205.420210	+0.287707	0.50350
000000000142	005	15.071	000000005396	205.421460	+0.310330	0.50440
000000000142	005	15.071	000000006756	205.413700	+0.288829	0.51020
000000000142	005	15.071	000000011997	205.397700	+0.254449	0.51370
000000000142	005	15.071	000000012522	205.410990	+0.282471	0.50810
000000000034	005	15.646	000000000351	321.829520	-0.454416	0.47770
000000000034	005	15.646	000000006220	321.874030	-0.456028	0.47030
000000000034	005	15.646	000000008246	321.867100	-0.449795	0.46770
000000000034	005	15.646	000000012388	321.852400	-0.439220	0.47550
000000000034	005	15.646	000000003916	321.870390	-0.386921	0.48420
000000000033	005	14.518	000000000350	206.881430	+0.238730	0.49940
000000000033	005	14.518	000000005377	206.876960	+0.221423	0.50040
000000000033	005	14.518	000000003809	206.914720	+0.278548	0.49470
000000000033	005	14.518	000000012471	206.916130	+0.275567	0.50050
000000000033	005	14.518	000000009711	206.926100	+0.273337	0.50180
000000000064	005	15.479	000000000969	213.097540	-0.836870	0.63610
000000000064	005	15.479	000000002010	213.122700	-0.909907	0.63170
000000000064	005	15.479	000000012339	212.993430	-0.839286	0.63740
000000000064	005	15.479	000000006991	213.093870	-0.950144	0.63680
000000000064	005	15.479	000000002816	212.995060	-0.930054	0.64780
000000000195	005	13.628	000000004098	186.211260	-0.677987	0.49430
000000000195	005	13.628	000000007596	186.180560	-0.635079	0.49380
000000000195	005	13.628	000000009338	186.188070	-0.686291	0.49460
000000000195	005	13.628	000000010743	186.238870	-0.673408	0.49420
000000000195	005	13.628	000000009226	186.152380	-0.678692	0.49120
000000000166	005	13.578	000000003137	207.832840	-0.136262	0.52060
000000000166	005	13.578	000000012828	207.867300	-0.171385	0.52290
000000000166	005	13.578	000000010195	207.888880	-0.202999	0.51980
000000000166	005	13.578	000000008462	207.879210	-0.259595	0.52010
000000000166	005	13.578	000000004401	207.898300	-0.284618	0.51960
000000000162	005	14.135	000000003080	343.143880	-0.839245	0.53930
000000000162	005	14.135	000000011929	343.143600	-0.880921	0.53600
000000000162	005	14.135	000000007429	343.116630	-0.917880	0.53940
000000000162	005	14.135	000000009779	343.128290	-0.910267	0.54120
000000000162	005	14.135	000000010078	343.118470	-0.911193	0.54090
000000000175	005	14.266	000000003490	206.945140	-0.049310	0.55880
000000000175	005	14.266	000000003686	206.931820	-0.068585	0.55300
000000000175	005	14.266	000000003875	206.955120	-0.041232	0.55450
000000000175	005	14.266	000000004622	206.922590	+0.008680	0.55530
000000000175	005	14.266	000000005320	206.961960	+0.046818	0.55730
000000000178	005	13.690	000000003603	227.639770	-0.054616	0.56670
000000000178	005	13.690	000000004462	227.618620	-0.031522	0.56720
000000000178	005	13.690	000000005186	227.598220	-0.059932	0.56790
000000000178	005	13.690	000000011892	227.623600	+0.023946	0.56640
000000000178	005	13.690	000000012344	227.596550	-0.117291	0.57010
000000000146	005	13.685	000000002714	223.681430	+0.231835	0.58120
000000000146	005	13.685	000000005689	223.632700	+0.269366	0.57820
000000000146	005	13.685	000000007467	223.665370	+0.287551	0.57930
000000000146	005	13.685	000000008528	223.678410	+0.284350	0.58160
000000000146	005	13.685	000000008693	223.698750	+0.270851	0.58120
000000000179	005	14.178	000000003689	190.419740	-0.483367	0.45910
000000000179	005	14.178	000000004392	190.412070	-0.540218	0.46340
000000000179	005	14.178	000000004434	190.462330	-0.521081	0.45910
000000000179	005	14.178	000000007778	190.469780	-0.522074	0.45900
000000000179	005	14.178	000000005070	190.489150	-0.516523	0.45810
000000000156	005	14.186	000000002961	207.511200	-0.504420	0.64060
000000000156	005	14.186	000000005829	207.607280	-0.473532	0.63650
000000000156	005	14.186	000000005908	207.481310	-0.419326	0.63760
000000000156	005	14.186	000000008680	207.605860	-0.486484	0.63680
000000000156	005	14.186	000000011452	207.469400	-0.464734	0.64120
000000000041	005	14.452	000000000521	185.577060	-0.608682	0.45250
000000000041	005	14.452	000000006469	185.579450	-0.565868	0.45790
000000000041	005	14.452	000000009656	185.596920	-0.550496	0.45850
000000000041	005	14.452	000000011064	185.575680	-0.596919	0.45860
000000000041	005	14.452	000000004601	185.642670	-0.492791	0.45590
000000000152	005	13.822	000000002870	211.926850	-0.550466	0.46580
000000000152	005	13.822	000000012983	211.959380	-0.504015	0.46710
000000000152	005	13.822	000000008249	211.992710	-0.500198	0.46970
000000000152	005	13.822	000000009365	211.981020	-0.459179	0.46580
000000000152	005	13.822	000000007412	212.024810	-0.482976	0.46720
000000000210	005	13.073	000000005350	210.341890	+0.245377	0.47380
000000000210	005	13.073	000000006747	210.348760	+0.287191	0.47610
000000000210	005	13.073	000000007503	210.305870	+0.285075	0.47410
000000000210	005	13.073	000000012588	210.296230	+0.282617	0.47460
000000000210	005	13.073	000000005531	210.260640	+0.275672	0.47500
000000000157	005	15.454	000000003011	325.320580	-0.412468	0.62200
000000000157	005	15.454	000000004850	325.374500	-0.439911	0.61430
000000000157	005	15.454	000000006087	325.387660	-0.422821	0.61530
000000000157	005	15.454	000000007784	325.303530	-0.504595	0.61770
000000000157	005	15.454	000000008875	325.432340	-0.436958	0.60620
000000000052	005	13.447	000000000732	200.800460	-0.226242	0.46560
000000000052	005	13.447	000000003365	200.787510	-0.235665	0.46750
000000000052	005	13.447	000000010940	200.766820	-0.213659	0.46600
000000000052	005	13.447	000000012462	200.848210	-0.249237	0.46630
000000000052	005	13.447	000000004806	200.722360	-0.218328	0.46850
000000000127	005	15.542	000000002141	211.825190	-0.249468	0.54230
000000000127	005	15.542	000000006658	211.773570	-0.274826	0.55220
000000000127	005	15.542	000000010734	211.794060	-0.271439	0.55570
000000000127	005	15.542	000000003548	211.779330	-0.251412	0.55690
000000000127	005	15.542	000000005418	211.767450	-0.290495	0.55640
000000000055	005	15.147	000000000847	221.208580	+0.189775	0.62180
000000000055	005	15.147	000000006447	221.312220	+0.187507	0.60960
000000000055	005	15.147	000000007454	221.140820	+0.174638	0.61720
000000000055	005	15.147	000000001323	221.242440	+0.257546	0.61760
000000000055	005	15.147	000000005347	221.314170	+0.222860	0.61940
000000000214	005	12.240	000000005804	221.317160	+0.146710	0.54500
000000000214	005	12.240	000000006000	221.312290	+0.117883	0.54450
000000000214	005	12.240	000000008215	221.293670	+0.103641	0.54390
000000000214	005	12.240	000000009587	221.339030	+0.110165	0.54510
000000000214	005	12.240	000000011460	221.318180	+0.086191	0.54480
000000000227	005	14.943	000000006618	207.255600	-0.341166	0.54550
000000000227	005	14.943	000000012146	207.257050	-0.324655	0.55000
000000000227	005	14.943	000000012484	207.250060	-0.285228	0.54860
000000000227	005	14.943	000000006990	207.257620	-0.254173	0.54890
000000000227	005	14.943	000000009098	207.233030	-0.205794	0.55600
000000000008	005	14.681	000000000113	219.622470	-0.425266	0.54730
000000000008	005	14.681	000000003090	219.587320	-0.390039	0.54560
000000000008	005	14.681	000000004807	219.611610	-0.441579	0.54120
000000000008	005	14.681	000000008471	219.671260	-0.441019	0.54390
000000000008	005	14.681	000000004977	219.667810	-0.490263	0.53960
000000000225	005	15.306	000000006024	314.552910	-0.207421	0.71020
000000000225	005	15.306	000000012708	314.513550	-0.269580	0.70760
000000000225	005	15.306	000000006112	314.616210	-0.197031	0.72120
000000000225	005	15.306	000000009066	314.393640	-0.205687	0.71310
000000000225	005	15.306	000000010400	314.634730	-0.183184	0.71620
000000000238	005	14.766	000000007734	226.071240	-0.208432	0.63940
000000000238	005	14.766	000000011032	225.973310	-0.242604	0.63600
000000000238	005	14.766	000000008929	226.157850	-0.154839	0.63420
000000000238	005	14.766	000000010358	226.153030	-0.145085	0.63250
000000000238	005	14.766	000000011146	226.161090	-0.163490	0.63040
000000000235	005	15.385	000000007301	211.267820	-0.449764	0.59410
000000000235	005	15.385	000000008360	211.286300	-0.460499	0.58270
000000000235	005	15.385	000000009336	211.257760	-0.451538	0.59150
000000000235	005	15.385	000000011835	211.307300	-0.429714	0.58390
000000000235	005	15.385	000000008498	211.327650	-0.506335	0.58250
000000000233	005	14.792	000000006985	199.657500	-0.453977	0.48320
000000000233	005	14.792	000000010641	199.671400	-0.481270	0.47700
000000000233	005	14.792	000000010736	199.618920	-0.417421	0.47580
000000000233	005	14.792	000000002194	199.668560	-0.385524	0.47550
000000000233	005	14.792	000000012797	199.601500	-0.378910	0.47510
000000000115	005	14.294	000000001956	201.122180	-0.515876	0.55670
000000000115	005	14.294	000000008178	201.134700	-0.551759	0.56250
000000000115	005	14.294	000000008629	201.132050	-0.520369	0.56130
000000000115	005	14.294	000000011523	201.140010	-0.476992	0.55830
000000000115	005	14.294	000000012883	201.162410	-0.476964	0.56060
000000000222	005	14.726	000000005963	322.963360	-0.509625	0.49370
000000000222	005	14.726	000000007937	322.955690	-0.491526	0.49680
000000000222	005	14.726	000000008140	323.009020	-0.531096	0.49140
000000000222	005	14.726	000000012839	322.983590	-0.509292	0.49460
000000000222	005	14.726	000000009453	323.019330	-0.527212	0.48840
000000000011	005	15.450	000000000125	211.526500	-0.466264	0.58530
000000000011	005	15.450	000000005516	211.534550	-0.466059	0.58630
000000000011	005	15.450	000000007831	211.556750	-0.487402	0.58440
000000000011	005	15.450	000000009119	211.551880	-0.478990	0.58050
000000000011	005	15.450	000000010491	211.511160	-0.492766	0.57230
000000000004	005	13.889	000000000046	188.216770	+0.460726	0.40660
000000000004	005	13.889	000000007813	188.303700	+0.329207	0.40790
000000000004	005	13.889	000000006481	188.322740	+0.221177	0.41030
000000000004	005	13.889	000000006820	188.323920	+0.183021	0.41020
000000000004	005	13.889	000000005049	188.446100	+0.073415	0.40990
000000000005	005	14.623	000000000060	207.275150	-0.079134	0.61030
000000000005	005	14.623	000000001896	207.260310	-0.080799	0.61180
000000000005	005	14.623	000000007452	207.238050	-0.149852	0.61090
000000000005	005	14.623	000000000468	207.283800	-0.207784	0.61290
000000000005	005	14.623	000000009513	207.169640	-0.131881	0.60500
000000000221	005	15.480	000000005960	205.484800	-0.796317	0.60620
000000000221	005	15.480	000000010093	205.513380	-0.713248	0.60690
000000000221	005	15.480	000000012074	205.489190	-0.820670	0.59820
000000000221	005	15.480	000000005878	205.597790	-0.731207	0.59950
000000000221	005	15.480	000000011284	205.588120	-0.646597	0.59280
000000000080	005	15.405	000000001285	347.025460	-0.503227	0.57120
000000000080	005	15.405	000000005306	346.965800	-0.464962	0.58340
000000000080	005	15.405	000000005859	347.041690	-0.492568	0.57170
000000000080	005	15.405	000000012404	347.005470	-0.497145	0.57280
000000000080	005	15.405	000000013124	347.049620	-0.492729	0.56960
000000000219	005	14.644	000000005866	224.775810	-0.429087	0.44370
000000000219	005	14.644	000000007020	224.814940	-0.474354	0.43900
000000000219	005	14.644	000000009582	224.782200	-0.414953	0.43920
000000000219	005	14.644	000000007751	224.753810	-0.514829	0.44200
000000000219	005	14.644	000000012434	224.680760	-0.506525	0.43600
000000000087	004	14.536	000000001403	348.251160	-0.237199	0.58440
000000000087	004	14.536	000000007740	348.229560	-0.255798	0.58610
000000000087	004	14.536	000000008977	348.222250	-0.250723	0.58750
000000000087	004	14.536	000000011497	348.256840	-0.220197	0.59130
000000000092	004	13.464	000000001499	209.596730	+0.050900	0.53310
000000000092	004	13.464	000000009217	209.586290	+0.058106	0.53110
000000000092	004	13.464	000000006369	209.537570	+0.055476	0.53370
000000000092	004	13.464	000000007139	209.492610	+0.061790	0.53140
000000000059	004	13.697	000000000901	322.435160	-0.542326	0.47140
000000000059	004	13.697	000000005635	322.390630	-0.537244	0.47380
000000000059	004	13.697	000000010191	322.438040	-0.517723	0.47500
000000000059	004	13.697	000000012510	322.369250	-0.529046	0.47340
000000000160	004	12.527	000000003026	222.801160	+0.054767	0.55810
000000000160	004	12.527	000000005053	222.797860	+0.056630	0.55940
000000000160	004	12.527	000000011834	222.766810	+0.079580	0.55830
000000000160	004	12.527	000000007611	222.736070	+0.090578	0.55810
000000000108	004	15.082	000000001855	218.287500	+0.422290	0.45330
000000000108	004	15.082	000000006140	218.258400	+0.420789	0.45520
000000000108	004	15.082	000000011144	218.236060	+0.395604	0.44540
000000000108	004	15.082	000000011728	218.246560	+0.403452	0.45280
000000000062	004	14.350	000000000917	185.587940	-1.195624	0.49410
000000000062	004	14.350	000000004195	185.600970	-1.154524	0.49560
000000000062	004	14.350	000000004209	185.602590	-1.163559	0.49390
000000000062	004	14.350	000000002418	185.622130	-1.118577	0.48980
000000000161	004	15.214	000000003046	191.171860	-0.097790	0.57560
000000000161	004	15.214	000000006938	191.141530	-0.053070	0.58050
000000000161	004	15.214	000000008313	191.177950	-0.097140	0.57500
000000000161	004	15.214	000000012405	191.140570	-0.041348	0.56850
000000000090	004	14.621	000000001467	187.641290	+0.279395	0.40310
000000000090	004	14.621	000000012740	187.640050	+0.106922	0.40290
000000000090	004	14.621	000000002573	187.642050	+0.246711	0.40870
000000000090	004	14.621	000000006007	187.628490	+0.009436	0.40230
000000000101	004	15.685	000000001642	186.335890	-0.142360	0.47220
000000000101	004	15.685	000000005935	186.345560	-0.139642	0.47170
000000000101	004	15.685	000000008833	186.337850	-0.142442	0.47350
000000000101	004	15.685	000000011524	186.385000	-0.173938	0.45880
000000000063	004	15.358	000000000952	321.861060	-0.276204	0.48560
000000000063	004	15.358	000000002927	321.865540	-0.261455	0.48200
000000000063	004	15.358	000000011788	321.856810	-0.280896	0.48120
000000000063	004	15.358	000000011893	321.880290	-0.263109	0.47290
000000000151	004	16.190	000000002848	204.959660	-0.412615	0.43520
000000000151	004	16.190	000000004695	205.059260	-0.402964	0.44640
000000000151	004	16.190	000000010338	205.130860	-0.328848	0.45630
000000000151	004	16.190	000000008597	205.139520	-0.328001	0.45640
000000000077	004	13.130	000000001241	218.770830	+0.336379	0.57420
000000000077	004	13.130	000000005873	218.791970	+0.296248	0.57570
000000000077	004	13.130	000000009420	218.834020	+0.316742	0.57420
000000000077	004	13.130	000000012598	218.744400	+0.255763	0.57610
000000000001	004	13.182	000000000021	208.807450	+0.194403	0.67520
000000000001	004	13.182	000000004724	208.779780	+0.127211	0.67650
000000000001	004	13.182	000000005857	208.879700	+0.165453	0.67510
000000000001	004	13.182	000000005896	208.815060	+0.184570	0.67730
000000000075	004	16.331	000000001226	187.783270	-0.658298	0.39610
000000000075	004	16.331	000000008761	187.939980	-0.747920	0.38440
000000000075	004	16.331	000000008911	187.932730	-0.478241	0.40690
000000000075	004	16.331	000000010019	187.811460	-0.527575	0.40820
000000000135	004	13.448	000000002369	207.914670	+0.404701	0.45540
000000000135	004	13.448	000000003684	207.902610	+0.415781	0.45680
000000000135	004	13.448	000000008265	207.886310	+0.390775	0.45510
000000000135	004	13.448	000000003591	207.819330	+0.399691	0.45380
000000000136	004	15.489	000000002394	218.914280	-0.105467	0.54320
000000000136	004	15.489	000000003187	218.918390	-0.143017	0.54280
000000000136	004	15.489	000000009361	218.955580	-0.101223	0.55520
000000000136	004	15.489	000000006670	218.945480	-0.185911	0.54340
000000000140	004	13.020	000000002485	198.928180	-0.416014	0.51150
000000000140	004	13.020	000000003649	198.917850	-0.401680	0.51100
000000000140	004	13.020	000000009448	198.940140	-0.420047	0.51170
000000000140	004	13.020	000000006765	198.890430	-0.369601	0.51310
000000000153	004	14.111	000000002883	190.556070	+0.374835	0.46330
000000000153	004	14.111	000000005656	190.592640	+0.391610	0.46330
000000000153	004	14.111	000000009983	190.551220	+0.362171	0.46760
000000000153	004	14.111	000000011839	190.556420	+0.394754	0.46410
000000000141	004	13.740	000000002539	191.623880	-0.532590	0.44870
000000000141	004	13.740	000000006023	191.697040	-0.514906	0.44780
000000000141	004	13.740	000000004363	191.740830	-0.512209	0.44790
000000000141	004	13.740	000000004595	191.733140	-0.537706	0.45110
000000000065	004	11.899	000000000975	186.556990	-0.559263	0.49150
000000000065	004	11.899	000000006975	186.561010	-0.597798	0.49130
000000000065	004	11.899	000000012464	186.570520	-0.601596	0.49210
000000000065	004	11.899	000000001527	186.576030	-0.617720	0.49130
000000000116	004	14.158	000000001967	203.624120	+0.357482	0.48730
000000000116	004	14.158	000000002602	203.649820	+0.355499	0.48220
000000000116	004	14.158	000000003940	203.640680	+0.354832	0.48420
000000000116	004	14.158	000000006434	203.653240	+0.356794	0.48540
000000000148	004	15.004	000000002819	224.918540	-0.299682	0.55810
000000000148	004	15.004	000000006252	224.922570	-0.344237	0.56300
000000000148	004	15.004	000000007828	224.911400	-0.301518	0.55980
000000000148	004	15.004	000000009903	224.936480	-0.302085	0.56760
000000000149	004	14.270	000000002838	223.078670	+0.174022	0.59170
000000000149	004	14.270	000000004493	223.085860	+0.155458	0.59180
000000000149	004	14.270	000000005218	223.076920	+0.125243	0.58870
000000000149	004	14.270	000000010697	223.084340	+0.064083	0.58690
000000000085	004	13.774	000000001344	321.022870	-0.103422	0.50320
000000000085	004	13.774	000000002216	321.044180	-0.130491	0.50690
000000000085	004	13.774	000000011221	321.008550	-0.087213	0.50610
000000000085	004	13.774	000000012651	321.024170	-0.160607	0.50500
000000000117	004	15.652	000000001974	219.394410	+0.238087	0.63850
000000000117	004	15.652	000000012248	219.431220	+0.176540	0.62550
000000000117	004	15.652	000000012877	219.351870	+0.139140	0.64110
000000000117	004	15.652	000000003754	219.310330	+0.145598	0.63190
000000000130	004	13.611	000000002232	185.510820	+0.186507	0.45830
000000000130	004	13.611	000000003821	185.538070	+0.178686	0.45760
000000000130	004	13.611	000000009318	185.488040	+0.136571	0.46080
000000000130	004	13.611	000000010101	185.482420	+0.124570	0.45840
000000000095	004	15.478	000000001534	185.299900	-1.044829	0.76320
000000000095	004	15.478	000000005841	185.164560	-0.712256	0.76660
000000000095	004	15.478	000000009747	185.344090	-0.428019	0.75870
000000000095	004	15.478	000000005959	185.248880	-0.235820	0.77370
000000000196	004	14.312	000000004100	210.773010	-0.478034	0.58120
000000000196	004	14.312	000000004112	210.788170	-0.539197	0.58660
000000000196	004	14.312	000000009280	210.844310	-0.557328	0.58620
000000000196	004	14.312	000000009670	210.893410	-0.551922	0.58520
000000000040	004	15.488	000000000505	201.458890	+0.200798	0.55380
000000000040	004	15.488	000000010907	201.475370	+0.256274	0.55300
000000000040	004	15.488	000000005793	201.512070	+0.290673	0.54110
000000000040	004	15.488	000000002524	201.559540	+0.316101	0.54600
000000000189	004	15.702	000000003972	321.479840	-0.533012	0.47630
000000000189	004	15.702	000000007474	321.495000	-0.575740	0.47950
000000000189	004	15.702	000000007796	321.498370	-0.547866	0.46500
000000000189	004	15.702	000000012357	321.492870	-0.533415	0.46730
000000000190	004	14.025	000000003993	204.780700	-0.544651	0.46600
000000000190	004	14.025	000000006249	204.835110	-0.558298	0.46810
000000000190	004	14.025	000000006117	204.893450	-0.578362	0.46520
000000000190	004	14.025	000000011588	204.894710	-0.560029	0.46940
000000000220	004	15.826	000000005926	346.342200	+0.230125	0.62670
000000000220	004	15.826	000000012861	346.315090	+0.188055	0.61370
000000000220	004	15.826	000000010620	346.371050	+0.104563	0.61040
000000000220	004	15.826	000000006539	346.399020	+0.125762	0.60950
000000000194	004	13.951	000000004092	342.512620	-0.645056	0.48180
000000000194	004	13.951	000000007850	342.477220	-0.688446	0.48320
000000000194	004	13.951	000000005745	342.441640	-0.727243	0.47950
000000000194	004	13.951	000000008636	342.515220	-0.714215	0.48350
000000000191	004	13.632	000000004030	321.647280	-0.498545	0.47320
000000000191	004	13.632	000000005371	321.650600	-0.468944	0.47400
000000000191	004	13.632	000000008627	321.646030	-0.517852	0.47120
000000000191	004	13.632	000000010052	321.628110	-0.491126	0.47120
000000000236	004	14.703	000000007618	342.295240	-0.182838	0.50490
000000000236	004	14.703	000000009978	342.320530	-0.179496	0.51090
000000000236	004	14.703	000000009240	342.362830	-0.186843	0.51180
000000000236	004	14.703	000000007648	342.372230	-0.202333	0.51150
000000000198	004	16.106	000000004342	204.202540	+0.341671	0.74150
000000000198	004	16.106	000000004710	204.294130	+0.182987	0.73810
000000000198	004	16.106	000000011202	204.235440	+0.155194	0.72770
000000000198	004	16.106	000000008229	204.323400	+0.396890	0.75240
000000000228	004	13.762	000000006735	220.231830	+0.636904	0.54220
000000000228	004	13.762	000000011604	220.201020	+0.676120	0.53830
000000000228	004	13.762	000000008095	220.271360	+0.615216	0.54050
000000000228	004	13.762	000000011804	220.316530	+0.588625	0.54060
000000000017	004	15.801	000000000222	321.596030	-0.112801	0.52750
000000000017	004	15.801	000000000978	321.572870	-0.087328	0.51430
000000000017	004	15.801	000000008196	321.580540	-0.075134	0.52760
000000000017	004	15.801	000000011274	321.571820	-0.094280	0.51440
000000000044	004	13.165	000000000588	224.678200	+0.059810	0.53540
000000000044	004	13.165	000000002541	224.666740	+0.029977	0.53310
000000000044	004	13.165	000000007303	224.670670	+0.057971	0.53490
000000000044	004	13.165	000000008656	224.663330	+0.054934	0.53490
000000000042	004	14.487	000000000525	199.565660	+0.117524	0.50350
000000000042	004	14.487	000000006796	199.580520	+0.105041	0.50160
000000000042	004	14.487	000000010081	199.540300	+0.091852	0.50760
000000000042	004	14.487	000000010506	199.561310	+0.085555	0.50660
000000000027	004	15.077	000000000291	223.291770	-0.014152	0.57170
000000000027	004	15.077	000000012142	223.333810	-0.020498	0.56180
000000000027	004	15.077	000000010513	223.344460	+0.048142	0.56450
000000000027	004	15.077	000000011288	223.399850	-0.006959	0.56310
000000000053	004	15.604	000000000768	199.853560	-0.017027	0.47330
000000000053	004	15.604	000000011114	199.904200	-0.038537	0.48640
000000000053	004	15.604	000000003934	199.877950	-0.072814	0.47310
000000000053	004	15.604	000000010099	199.912170	-0.013145	0.47400
000000000097	004	14.211	000000001568	343.642060	+0.014676	0.57780
000000000097	004	14.211	000000001922	343.584080	+0.028705	0.57290
000000000097	004	14.211	000000006454	343.576350	+0.014365	0.57730
000000000097	004	14.211	000000007228	343.592260	-0.007333	0.57720
000000000025	004	15.162	000000000286	190.522080	+0.532651	0.47580
000000000025	004	15.162	000000002608	190.473320	+0.516022	0.47880
000000000025	004	15.162	000000003217	190.542920	+0.545651	0.46790
000000000025	004	15.162	000000005918	190.565740	+0.499059	0.47350
000000000240	004	13.890	000000008131	200.002970	+0.039099	0.50460
000000000240	004	13.890	000000008387	200.028930	+0.026001	0.50580
000000000240	004	13.890	000000011067	200.044250	+0.069435	0.50170
000000000240	004	13.890	000000012067	200.053440	+0.067940	0.50340
000000000003	004	13.971	000000000033	224.060310	-0.030254	0.63670
000000000003	004	13.971	000000004820	224.030230	-0.098936	0.63990
000000000003	004	13.971	000000008405	224.073410	-0.057563	0.63750
000000000003	004	13.971	000000011282	224.028810	-0.049187	0.63530
000000000051	004	13.891	000000000679	219.091020	-0.072763	0.46560
000000000051	004	13.891	000000005572	219.097120	-0.077283	0.46170
000000000051	004	13.891	000000006037	219.075270	-0.068470	0.46410
000000000051	004	13.891	000000011867	219.090820	-0.063051	0.46250
000000000241	004	14.852	000000008620	219.487830	-0.284901	0.54670
000000000241	004	14.852	000000009210	219.540710	-0.262325	0.54110
000000000241	004	14.852	000000011921	219.466280	-0.275874	0.54500
000000000241	004	14.852	000000012185	219.436650	-0.225545	0.55000
000000000006	004	13.949	000000000074	345.571530	+0.333770	0.51690
000000000006	004	13.949	000000003551	345.543000	+0.302284	0.51790
000000000006	004	13.949	000000010855	345.580010	+0.386439	0.51620
000000000006	004	13.949	000000007026	345.496380	+0.290081	0.52040
000000000015	003	12.721	000000000198	226.771810	+0.830064	0.50360
000000000015	003	12.721	000000002730	226.730820	+0.798918	0.50500
000000000015	003	12.721	000000008721	226.767700	+0.800063	0.50480
000000000016	003	14.892	000000000207	320.808560	-0.336617	0.51580
000000000016	003	14.892	000000000422	320.808640	-0.300014	0.50890
000000000016	003	14.892	000000011584	320.808760	-0.303838	0.50880
000000000081	003	14.053	000000001289	226.695300	-0.836400	0.67930
000000000081	003	14.053	000000005916	226.819350	-0.914804	0.67710
000000000081	003	14.053	000000012848	226.724410	-0.871327	0.67490
000000000078	003	12.579	000000001247	204.846590	-0.523238	0.43250
000000000078	003	12.579	000000005897	204.809450	-0.449251	0.43260
000000000078	003	12.579	000000013114	204.850390	-0.499101	0.43370
000000000082	003	14.368	000000001293	347.839000	-0.466320	0.57760
000000000082	003	14.368	000000005462	347.794470	-0.505908	0.58290
000000000082	003	14.368	000000008807	347.834240	-0.457037	0.57910
000000000020	003	14.558	000000000243	313.977030	+0.495828	0.71470
000000000020	003	14.558	000000003213	313.968880	+0.622884	0.71570
000000000020	003	14.558	000000004093	314.098390	+0.467539	0.72080
000000000083	003	11.718	000000001335	323.864060	+0.208648	0.61230
000000000083	003	11.718	000000006515	323.815770	+0.252518	0.61210
000000000083	003	11.718	000000002507	323.738540	+0.238311	0.61160
000000000056	003	13.040	000000000853	218.921460	-0.953419	0.49560
000000000056	003	13.040	000000001977	218.916430	-0.951357	0.49530
000000000056	003	13.040	000000013019	218.902490	-0.945738	0.49380
000000000084	003	13.416	000000001341	203.035930	-0.478010	0.54860
000000000084	003	13.416	000000012716	202.986010	-0.462047	0.54670
000000000084	003	13.416	000000009150	202.933440	-0.459094	0.54610
000000000094	003	13.901	000000001523	210.373060	-0.704044	0.57760
000000000094	003	13.901	000000006486	210.395650	-0.663582	0.57780
000000000094	003	13.901	000000008361	210.385470	-0.665920	0.57440
000000000002	003	14.720	000000000025	185.179970	-0.508935	0.68400
000000000002	003	14.720	000000003227	185.124300	-0.631368	0.68690
000000000002	003	14.720	000000009497	185.145430	-0.434675	0.67960
000000000007	003	13.065	000000000093	348.290940	-0.793884	0.56740
000000000007	003	13.065	000000000215	348.292510	-0.750239	0.56650
000000000007	003	13.065	000000013055	348.321040	-0.732632	0.56540
000000000089	003	13.457	000000001430	342.558980	-0.280472	0.50280
000000000089	003	13.457	000000001484	342.511950	-0.269648	0.50360
000000000089	003	13.457	000000009029	342.468410	-0.255378	0.50540
000000000014	003	14.570	000000000192	205.912060	-0.923243	0.55220
000000000014	003	14.570	000000009092	205.898990	-0.901262	0.54590
000000000014	003	14.570	000000003105	205.875560	-0.869568	0.54960
000000000088	003	13.141	000000001410	204.197920	-0.351510	0.52340
000000000088	003	13.141	000000001794	204.199150	-0.377807	0.52450
000000000088	003	13.141	000000011122	204.199040	-0.347826	0.52550
000000000021	003	15.430	000000000249	204.778840	-0.812585	0.43220
000000000021	003	15.430	000000006487	204.687060	-0.842102	0.43800
000000000021	003	15.430	000000011525	204.823300	-0.861181	0.44410
000000000010	003	13.625	000000000119	205.942530	-0.200700	0.70550
000000000010	003	13.625	000000003240	205.886740	-0.354302	0.70520
000000000010	003	13.625	000000008209	205.880180	-0.306152	0.70810
000000000012	003	11.596	000000000139	185.303440	+0.188230	0.53280
000000000012	003	11.596	000000012117	185.289850	+0.226747	0.53220
000000000012	003	11.596	000000001032	185.277400	+0.241073	0.53230
000000000013	003	13.565	000000000140	199.704150	+0.141689	0.63920
000000000013	003	13.565	000000005189	199.623250	+0.087568	0.64130
000000000013	003	13.565	000000009731	199.556350	+0.102799	0.63840
000000000009	003	12.555	000000000116	205.219430	-0.439655	0.44220
000000000009	003	12.555	000000002843	205.214700	-0.453766	0.44270
000000000009	003	12.555	000000013053	205.299860	-0.456872	0.44350
000000000022	003	15.000	000000000265	348.592430	-0.060664	0.48780
000000000022	003	15.000	000000001319	348.578630	-0.107718	0.48780
000000000022	003	15.000	000000009283	348.553020	-0.050270	0.48030
000000000074	003	12.924	000000001155	224.321460	-0.668728	0.57640
000000000074	003	12.924	000000002672	224.364710	-0.641008	0.57820
000000000074	003	12.924	000000005389	224.324040	-0.680618	0.57720
000000000024	003	12.887	000000000276	199.808950	+0.447259	0.51540
000000000024	003	12.887	000000006873	199.791760	+0.447314	0.51600
000000000024	003	12.887	000000009783	199.855630	+0.452275	0.51430
000000000037	003	11.815	000000000400	204.859010	+0.381208	0.51460
000000000037	003	11.815	000000004529	204.902490	+0.405381	0.51520
000000000037	003	11.815	000000008895	204.905740	+0.391845	0.51450
000000000038	003	13.044	000000000442	222.089730	+0.444816	0.43970
000000000038	003	13.044	000000002574	222.131240	+0.497980	0.44050
000000000038	003	13.044	000000006606	222.158420	+0.422226	0.44160
000000000043	003	15.267	000000000574	223.214720	-0.328732	0.58680
000000000043	003	15.267	000000002137	223.239310	-0.368022	0.57690
000000000043	003	15.267	000000002943	223.188080	-0.389939	0.57790
000000000045	003	13.410	000000000622	321.724890	-0.320691	0.47270
000000000045	003	13.410	000000012160	321.717250	-0.369206	0.47500
000000000045	003	13.410	000000006881	321.676650	-0.389505	0.47290
000000000066	003	13.691	000000000981	220.268560	-0.658432	0.55690
000000000066	003	13.691	000000012766	220.326790	-0.673788	0.55810
000000000066	003	13.691	000000010529	220.348960	-0.704833	0.56010
000000000047	003	15.802	000000000638	225.811160	+0.171392	0.45780
000000000047	003	15.802	000000004179	225.821960	+0.109891	0.47030
000000000047	003	15.802	000000004640	225.800830	+0.148450	0.45550
000000000061	003	13.940	000000000915	228.441580	-0.771046	0.54160
000000000061	003	13.940	000000007273	228.476660	-0.814219	0.53790
000000000061	003	13.940	000000011985	228.439000	-0.781967	0.54080
000000000049	003	11.719	000000000660	226.262160	+0.550314	0.50800
000000000049	003	11.719	000000005346	226.258250	+0.537055	0.50870
000000000049	003	11.719	000000007062	226.210980	+0.558958	0.50840
000000000050	003	10.276	000000000676	322.371500	+0.191735	0.48910
000000000050	003	10.276	000000006460	322.380650	+0.201886	0.48890
000000000050	003	10.276	000000008434	322.340630	+0.163238	0.48910
000000000060	003	15.189	000000000902	204.631040	-0.654265	0.38870
000000000060	003	15.189	000000005571	204.598740	-0.727568	0.39700
000000000060	003	15.189	000000006381	204.501340	-0.838941	0.38840
000000000058	003	15.780	000000000879	349.400220	+0.274842	0.52440
000000000058	003	15.780	000000008036	349.394870	+0.302885	0.52500
000000000058	003	15.780	000000012244	349.371670	+0.354101	0.53850
000000000048	003	15.193	000000000642	227.830080	-0.131013	0.51570
000000000048	003	15.193	000000002245	227.842930	-0.140608	0.51200
000000000048	003	15.193	000000002385	227.803910	-0.123021	0.50570
000000000023	003	14.714	000000000273	220.386120	-0.899518	0.53760
000000000023	003	14.714	000000001562	220.366010	-0.878453	0.53670
000000000023	003	14.714	000000011992	220.371720	-0.904398	0.53110
000000000068	003	15.507	000000001048	202.745750	-0.506595	0.47480
000000000068	003	15.507	000000003144	202.748580	-0.495063	0.48640
000000000068	003	15.507	000000007251	202.782040	-0.477803	0.47600
000000000035	003	14.422	000000000352	321.041110	-0.047636	0.52620
000000000035	003	14.422	000000001477	321.005440	-0.078195	0.53080
000000000035	003	14.422	000000011815	321.028120	-0.122125	0.53130
000000000076	003	13.117	000000001236	220.907400	-0.968089	0.56110
000000000076	003	13.117	000000011767	220.958360	-0.986305	0.56160
000000000076	003	13.117	000000011862	220.892630	-0.971853	0.55960
000000000026	003	16.030	000000000290	325.793650	-1.024625	0.55210
000000000026	003	16.030	000000004658	325.806410	-1.016087	0.54700
000000000026	003	16.030	000000011248	325.739080	-1.019389	0.56580
000000000054	003	12.977	000000000776	220.959180	-0.538351	0.53460
000000000054	003	12.977	000000001613	220.915060	-0.536030	0.53510
000000000054	003	12.977	000000001852	220.913730	-0.537415	0.53640
000000000073	003	15.609	000000001134	219.316380	-0.463573	0.33400
000000000073	003	15.609	000000003317	219.538340	-0.440606	0.32440
000000000073	003	15.609	000000010486	219.558130	-0.440442	0.32130
000000000036	003	12.940	000000000364	206.627220	-0.285655	0.55260
000000000036	003	12.940	000000003175	206.671000	-0.286930	0.55370
000000000036	003	12.940	000000009687	206.637590	-0.288788	0.55440
000000000028	003	14.775	000000000294	322.837670	+0.354831	0.49890
000000000028	003	14.775	000000001705	322.797850	+0.329292	0.50090
000000000028	003	14.775	000000009855	322.857160	+0.402146	0.50600
000000000072	003	14.961	000000001108	211.138850	-0.020363	0.44870
000000000072	003	14.961	000000003209	211.082070	-0.039988	0.44040
000000000072	003	14.961	000000011620	211.093470	+0.006454	0.44410
000000000071	003	12.563	000000001090	204.398100	+0.040173	0.47730
000000000071	003	12.563	000000012399	204.391270	+0.065880	0.47600
000000000071	003	12.563	000000013057	204.411570	+0.066199	0.47640
000000000070	003	12.140	000000001060	212.935370	-0.717642	0.65150
000000000070	003	12.140	000000002932	212.928190	-0.704706	0.65050
000000000070	003	12.140	000000006812	212.816440	-0.726518	0.65090
000000000069	003	13.981	000000001059	207.156240	+0.093678	0.50650
000000000069	003	13.981	000000007918	207.161220	+0.047658	0.51000
000000000069	003	13.981	000000002768	207.108880	+0.029254	0.50660
000000000032	003	16.086	000000000338	205.077680	-0.600259	0.44430
000000000032	003	16.086	000000002319	205.128040	-0.593686	0.45230
000000000032	003	16.086	000000007875	205.102160	-0.587453	0.43270
000000000029	003	14.741	000000000301	348.877110	-0.105041	0.56460
000000000029	003	14.741	000000008705	348.899100	-0.148235	0.57140
000000000029	003	14.741	000000005585	348.910280	-0.168874	0.57020
000000000249	003	11.724	000000010776	199.726540	-0.618073	0.49350
000000000249	003	11.724	000000013121	199.755300	-0.581063	0.49420
000000000249	003	11.724	000000011458	199.771090	-0.564715	0.49390
000000000124	003	14.061	000000002075	321.785290	-1.036002	0.58900
000000000124	003	14.061	000000003726	321.800380	-1.068753	0.59270
000000000124	003	14.061	000000006890	321.788790	-1.049642	0.59280
000000000098	003	11.695	000000001593	321.475460	-0.199937	0.52770
000000000098	003	11.695	000000002459	321.514940	-0.158806	0.52710
000000000098	003	11.695	000000007522	321.487580	-0.151763	0.52710
000000000202	003	13.804	000000004870	218.123900	+0.030056	0.54720
000000000202	003	13.804	000000007839	218.126220	+0.041802	0.54660
000000000202	003	13.804	000000012518	218.119910	+0.027835	0.54990
000000000203	003	14.477	000000004895	204.647090	+0.303224	0.45610
000000000203	003	14.477	000000008945	204.599010	+0.262091	0.46140
000000000203	003	14.477	000000009568	204.554490	+0.256725	0.46070
000000000204	003	13.727	000000004929	187.258800	+0.631410	0.57760
000000000204	003	13.727	000000005693	187.270280	+0.642769	0.57970
000000000204	003	13.727	000000007120	187.268980	+0.607595	0.57640
000000000201	003	15.469	000000004734	203.915280	+0.689521	0.66030
000000000201	003	15.469	000000005767	203.994500	+0.568161	0.67240
000000000201	003	15.469	000000009251	203.995520	+0.573681	0.67050
000000000205	003	15.289	000000005006	201.898670	-0.749324	0.57190
000000000205	003	15.289	000000009643	201.931550	-0.775278	0.58290
000000000205	003	15.289	000000012686	201.955520	-0.773641	0.57630
000000000207	003	12.596	000000005169	325.299200	-0.626084	0.58350
000000000207	003	12.596	000000005648	325.261990	-0.623415	0.58430
000000000207	003	12.596	000000006679	325.312420	-0.608216	0.58490
000000000208	003	15.614	000000005208	205.844640	+0.046741	0.51880
000000000208	003	15.614	000000011493	205.793370	+0.058279	0.53100
000000000208	003	15.614	000000006706	205.788110	+0.023947	0.53090
000000000209	003	15.547	000000005227	199.188820	+0.265646	0.50210
000000000209	003	15.547	000000005813	199.215200	+0.270507	0.50300
000000000209	003	15.547	000000008494	199.205870	+0.291023	0.51400
000000000206	003	13.254	000000005120	351.878110	+0.004352	0.41910
000000000206	003	13.254	000000010942	351.908280	-0.037342	0.41830
000000000206	003	13.254	000000011386	351.878120	+0.002157	0.41690
000000000211	003	12.689	000000005543	351.300810	-0.410916	0.49650
000000000211	003	12.689	000000008683	351.326330	-0.436742	0.49510
000000000211	003	12.689	000000012198	351.293990	-0.388218	0.49620
000000000200	003	13.650	000000004578	323.316640	-0.206162	0.46140
000000000200	003	13.650	000000004649	323.304230	-0.153224	0.46440
000000000200	003	13.650	000000011780	323.268720	-0.183177	0.46240
000000000197	003	13.233	000000004262	222.484410	-0.505827	0.55400
000000000197	003	13.233	000000004275	222.475880	-0.497744	0.55370
000000000197	003	13.233	000000010799	222.503120	-0.522555	0.55580
000000000183	003	14.272	000000003783	203.841920	+0.329355	0.48200
000000000183	003	14.272	000000005526	203.846420	+0.387213	0.48670
000000000183	003	14.272	000000010819	203.819770	+0.371350	0.48570
000000000184	003	11.615	000000003800	203.978420	-0.009662	0.47700
000000000184	003	11.615	000000005947	203.934790	-0.022369	0.47640
000000000184	003	11.615	000000006356	203.894660	+0.008075	0.47650
000000000185	003	15.302	000000003853	326.393280	-0.514597	0.54810
000000000185	003	15.302	000000010234	326.443470	-0.520468	0.54140
000000000185	003	15.302	000000010678	326.459540	-0.491614	0.53710
000000000199	003	14.588	000000004554	192.546860	-0.217987	0.52200
000000000199	003	14.588	000000010282	192.597400	-0.243037	0.52720
000000000199	003	14.588	000000011796	192.601800	-0.290531	0.52780
000000000186	003	11.542	000000003862	325.304680	+0.210433	0.49430
000000000186	003	11.542	000000007579	325.294450	+0.174873	0.49490
000000000186	003	11.542	000000011699	325.270280	+0.148347	0.49450
000000000188	003	13.731	000000003936	213.839670	-0.714008	0.37650
000000000188	003	13.731	000000004150	213.812510	-0.526460	0.37920
000000000188	003	13.731	000000009897	213.714490	-0.440164	0.37930
000000000192	003	13.890	000000004054	226.085590	-0.450433	0.53630
000000000192	003	13.890	000000004222	226.101580	-0.472694	0.53990
000000000192	003	13.890	000000004713	226.088520	-0.464905	0.53720
000000000193	003	14.555	000000004090	190.464570	-0.081487	0.52550
000000000193	003	14.555	000000008446	190.468510	-0.051668	0.51950
000000000193	003	14.555	000000009527	190.466050	-0.024507	0.52110
000000000187	003	13.835	000000003908	224.804170	-0.701618	0.43460
000000000187	003	13.835	000000009223	224.807380	-0.690588	0.43560
000000000187	003	13.835	000000012115	224.828380	-0.734843	0.43800
000000000181	003	13.133	000000003757	321.164950	+0.076229	0.51490
000000000181	003	13.133	000000003798	321.212130	+0.098659	0.51340
000000000181	003	13.133	000000004818	321.215020	+0.098272	0.51290
000000000212	003	15.022	000000005664	224.968950	+0.492472	0.45310
000000000212	003	15.022	000000006599	225.035650	+0.518085	0.44550
000000000212	003	15.022	000000008069	225.022260	+0.463492	0.44560
000000000215	003	14.987	000000005824	210.745280	-0.353001	0.43330
000000000215	003	14.987	000000006951	210.824830	-0.337025	0.43490
000000000215	003	14.987	000000012323	210.808040	-0.319802	0.44130
000000000239	003	14.399	000000007817	219.754360	-0.529480	0.54340
000000000239	003	14.399	000000009093	219.785450	-0.526823	0.54340
000000000239	003	14.399	000000011603	219.755720	-0.527786	0.53860
000000000242	003	14.528	000000009183	205.480750	-0.482266	0.41580
000000000242	003	14.528	000000010090	205.492240	-0.433587	0.41640
000000000242	003	14.528	000000010899	205.543440	-0.506750	0.42120
000000000243	003	15.215	000000009435	203.086190	-0.119660	0.47080
000000000243	003	15.215	000000012392	203.084810	-0.104636	0.47480
000000000243	003	15.215	000000011844	203.085520	-0.058345	0.46470
000000000237	003	15.781	000000007707	221.944280	-0.915808	0.52750
000000000237	003	15.781	000000012909	221.975970	-0.955464	0.52570
000000000237	003	15.781	000000008896	221.961310	-0.977347	0.51290
000000000244	003	11.925	000000009714	222.052010	+0.228170	0.44300
000000000244	003	11.925	000000010754	222.063450	+0.210237	0.44300
000000000244	003	11.925	000000013023	222.044490	+0.247705	0.44230
000000000246	003	13.853	000000010320	350.622640	+0.405401	0.47820
000000000246	003	13.853	000000010832	350.649010	+0.397596	0.48120
000000000246	003	13.853	000000012493	350.695900	+0.380732	0.48140
000000000247	003	12.891	000000010498	203.681800	+0.228221	0.51950
000000000247	003	12.891	000000011768	203.675650	+0.188892	0.52100
000000000247	003	12.891	000000013047	203.675700	+0.145311	0.52100
000000000248	003	14.772	000000010544	186.212700	-0.656890	0.55320
000000000248	003	14.772	000000010642	186.249710	-0.660781	0.54930
000000000248	003	14.772	000000012269	186.192880	-0.653420	0.55670
000000000245	003	14.533	000000010304	321.414790	-0.447726	0.75280
000000000245	003	14.533	000000011195	321.481220	-0.638410	0.74710
000000000245	003	14.533	000000011307	321.627300	-0.695738	0.74730
000000000213	003	14.718	000000005778	206.281490	-0.740177	0.49530
000000000213	003	14.718	000000006969	206.291340	-0.739236	0.50200
000000000213	003	14.718	000000007754	206.305220	-0.704515	0.49690
000000000234	003	14.550	000000007036	202.452530	+0.298722	0.50400
000000000234	003	14.550	000000010515	202.442460	+0.337871	0.50990
000000000234	003	14.550	000000011043	202.444550	+0.292837	0.50540
000000000231	003	13.065	000000006807	211.501630	-0.773100	0.56070
000000000231	003	13.065	000000008442	211.500490	-0.771567	0.55970
000000000231	003	13.065	000000009028	211.483200	-0.733333	0.56170
000000000216	003	16.192	000000005834	352.396370	+0.291038	0.43230
000000000216	003	16.192	000000003735	352.346090	+0.205166	0.44140
000000000216	003	16.192	000000012892	352.403410	+0.267481	0.45360
000000000217	003	15.776	000000005853	225.468050	-0.801950	0.65740
000000000217	003	15.776	000000007330	225.467230	-0.765733	0.65990
000000000217	003	15.776	000000009067	225.384920	-0.869681	0.64460
000000000218	003	12.839	000000005860	185.707310	+0.112154	0.45740
000000000218	003	12.839	000000007463	185.709840	+0.145888	0.45900
000000000218	003	12.839	000000010031	185.742460	+0.179177	0.45790
000000000232	003	13.320	000000006886	191.636980	-0.302650	0.48380
000000000232	003	13.320	000000011563	191.639640	-0.279213	0.48600
000000000232	003	13.320	000000012188	191.637460	-0.262657	0.48570
000000000223	003	13.881	000000005978	209.849830	+0.081624	0.53050
000000000223	003	13.881	000000009198	209.892930	+0.076988	0.53410
000000000223	003	13.881	000000009282	209.902750	+0.070224	0.53310
000000000226	003	14.506	000000006137	203.521620	+0.309216	0.47720
000000000226	003	14.506	000000008264	203.530020	+0.362972	0.47300
000000000226	003	14.506	000000011543	203.537020	+0.334570	0.47150
000000000229	003	14.360	000000006757	188.813970	-0.619183	0.50890
000000000229	003	14.360	000000008412	188.790870	-0.667978	0.50390
000000000229	003	14.360	000000010402	188.805350	-0.666243	0.50480
000000000230	003	15.938	000000006799	322.177760	-0.846007	0.60610
000000000230	003	15.938	000000000467	322.139680	-0.772803	0.59570
000000000230	003	15.938	000000006814	322.199010	-0.808242	0.61400
000000000224	003	13.027	000000005996	202.394990	+0.006680	0.49140
000000000224	003	13.027	000000008709	202.359610	-0.009090	0.49060
000000000224	003	13.027	000000009015	202.371530	+0.013536	0.49250
000000000096	003	15.171	000000001536	225.846370	+0.383129	0.54590
000000000096	003	15.171	000000005455	225.861120	+0.353551	0.53600
000000000096	003	15.171	000000006404	225.865820	+0.361373	0.53960
000000000180	003	15.396	000000003711	221.392710	-0.586193	0.53760
000000000180	003	15.396	000000005046	221.370870	-0.580356	0.52660
000000000180	003	15.396	000000011593	221.423290	-0.569340	0.53600
000000000176	003	13.249	000000003512	343.301290	+0.438537	0.40690
000000000176	003	13.249	000000007776	343.186850	+0.441827	0.40910
000000000176	003	13.249	000000010126	343.253460	+0.493305	0.40780
000000000120	003	13.461	000000002027	213.506400	-0.539514	0.64540
000000000120	003	13.461	000000006264	213.524390	-0.551323	0.64540
000000000120	003	13.461	000000003369	213.526120	-0.521732	0.64780
000000000121	003	14.171	000000002046	328.102840	-0.731862	0.49650
000000000121	003	14.171	000000010092	328.105820	-0.759015	0.49870
000000000121	003	14.171	000000005533	328.129720	-0.804418	0.50110
000000000122	003	13.481	000000002053	201.142300	-0.215866	0.65790
000000000122	003	13.481	000000008507	201.188400	-0.189735	0.65620
000000000122	003	13.481	000000008989	201.135990	-0.324275	0.65510
000000000118	003	13.958	000000001997	343.687680	-0.948875	0.53000
000000000118	003	13.958	000000006066	343.703580	-0.916426	0.52720
000000000118	003	13.958	000000007431	343.664410	-0.985942	0.53100
000000000123	003	13.457	000000002072	185.129960	+0.185675	0.38350
000000000123	003	13.457	000000004898	185.119840	+0.181615	0.38530
000000000123	003	13.457	000000009228	185.035480	+0.147426	0.38280
000000000129	003	13.709	000000002231	204.420350	-0.727950	0.52980
000000000129	003	13.709	000000010220	204.433160	-0.727986	0.52770
000000000129	003	13.709	000000012930	204.396410	-0.747323	0.52660
000000000131	003	12.322	000000002238	223.607360	-0.161362	0.58060
000000000131	003	12.322	000000006074	223.551640	-0.145118	0.58140
000000000131	003	12.322	000000007313	223.563120	-0.129162	0.58170
000000000132	003	15.592	000000002306	203.889550	+0.270281	0.31970
000000000132	003	15.592	000000011245	204.104310	+0.481053	0.32900
000000000132	003	15.592	000000003668	204.009110	+0.397658	0.33230
000000000126	003	13.990	000000002109	186.107910	-0.386416	0.49160
000000000126	003	13.990	000000007620	186.075390	-0.425904	0.48800
000000000126	003	13.990	000000007991	186.111870	-0.372062	0.49130
000000000133	003	14.040	000000002352	185.914170	-0.686742	0.49620
000000000133	003	14.040	000000006043	185.923090	-0.692832	0.49940
000000000133	003	14.040	000000007599	185.921950	-0.703119	0.49550
000000000114	003	13.741	000000001927	324.713410	-1.138893	0.49380
000000000114	003	13.741	000000002393	324.761870	-1.142297	0.49650
000000000114	003	13.741	000000010766	324.755400	-1.128523	0.49680
000000000111	003	14.799	000000001893	199.682090	+0.119447	0.50640
000000000111	003	14.799	000000005574	199.665010	+0.120911	0.49950
000000000111	003	14.799	000000007949	199.718770	+0.127598	0.50540
000000000099	003	13.256	000000001607	223.882100	-0.245589	0.64910
000000000099	003	13.256	000000001821	223.802210	-0.240224	0.64900
000000000099	003	13.256	000000010441	223.714880	-0.205351	0.65110
000000000100	003	13.435	000000001639	226.672020	+0.133274	0.49880
000000000100	003	13.435	000000005779	226.669400	+0.133054	0.50120
000000000100	003	13.435	000000009815	226.643970	+0.097584	0.50090
000000000102	003	13.912	000000001676	186.942840	-0.001044	0.59840
000000000102	003	13.912	000000009871	186.964530	-0.007903	0.59850
000000000102	003	13.912	000000011011	186.971240	+0.020566	0.60180
000000000112	003	12.748	000000001903	350.449070	-0.754463	0.42830
000000000112	003	12.748	000000011744	350.558230	-0.775676	0.42950
000000000112	003	12.748	000000007661	350.582260	-0.800420	0.42810
000000000103	003	15.673	000000001729	327.878560	+0.298799	0.44770
000000000103	003	15.673	000000008258	327.862420	+0.240964	0.46060
000000000103	003	15.673	000000006398	327.844820	+0.215501	0.45970
000000000106	003	14.912	000000001775	343.632410	-0.536565	0.64510
000000000106	003	14.912	000000010660	343.640360	-0.630482	0.64370
000000000106	003	14.912	000000010962	343.694440	-0.702109	0.63720
000000000109	003	15.630	000000001867	226.373300	+0.200707	0.62350
000000000109	003	15.630	000000002853	226.380800	+0.263503	0.62270
000000000109	003	15.630	000000005044	226.454440	+0.295086	0.63570
000000000110	003	13.272	000000001886	212.619360	+0.230656	0.49870
000000000110	003	13.272	000000007819	212.621890	+0.242673	0.49770
000000000110	003	13.272	000000006614	212.608250	+0.274241	0.49640
000000000104	003	15.537	000000001730	225.245720	-0.465898	0.46960
000000000104	003	15.537	000000007807	225.271270	-0.410667	0.47450
000000000104	003	15.537	000000011094	225.251320	-0.411929	0.46160
000000000177	003	10.070	000000003542	205.700130	-0.252619	0.54430
000000000177	003	10.070	000000008280	205.676640	-0.241913	0.54420
000000000177	003	10.070	000000008861	205.661580	-0.236187	0.54410
000000000134	003	15.440	000000002354	204.211930	-0.361717	0.46260
000000000134	003	15.440	000000006364	204.233560	-0.384912	0.47370
000000000134	003	15.440	000000011336	204.224500	-0.350393	0.47230
000000000138	003	13.486	000000002451	185.448430	+0.304515	0.45770
000000000138	003	13.486	000000004301	185.448930	+0.291660	0.45960
000000000138	003	13.486	000000007004	185.460460	+0.361504	0.46030
000000000167	003	13.053	000000003185	211.640580	-0.484067	0.54160
000000000167	003	13.053	000000003607	211.671680	-0.514761	0.54140
000000000167	003	13.053	000000004863	211.604180	-0.523421	0.54320
000000000168	003	14.769	000000003277	189.074340	+0.133457	0.49860
000000000168	003	14.769	000000006395	189.091240	+0.159935	0.49880
000000000168	003	14.769	000000007529	189.140380	+0.162605	0.49240
000000000169	003	14.668	000000003333	204.962900	-0.732717	0.46350
000000000169	003	14.668	000000008672	204.964570	-0.679444	0.46590
000000000169	003	14.668	000000008810	205.004760	-0.653068	0.47010
000000000165	003	14.974	000000003128	199.247320	+0.195139	0.52230
000000000165	003	14.974	000000010160	199.204510	+0.201154	0.52310
000000000165	003	14.974	000000006517	199.225640	+0.255369	0.53010
000000000170	003	15.403	000000003374	204.530860	-0.197604	0.46440
000000000170	003	15.403	000000008132	204.563080	-0.222544	0.47410
000000000170	003	15.403	000000009991	204.516030	-0.138237	0.47500
000000000172	003	12.176	000000003457	189.587260	-0.351056	0.61830
000000000172	003	12.176	000000007415	189.670880	-0.359742	0.61760
000000000172	003	12.176	000000004436	189.679550	-0.325519	0.61730
000000000173	003	13.230	000000003463	222.006250	-0.643604	0.53080
000000000173	003	13.230	000000003957	221.994810	-0.603411	0.53270
000000000173	003	13.230	000000008582	222.014280	-0.632551	0.53070
000000000174	003	15.876	000000003465	343.022290	-0.220466	0.61410
000000000174	003	15.876	000000011600	342.994610	-0.297750	0.60010
000000000174	003	15.876	000000000055	342.930830	-0.343703	0.59800
000000000171	003	13.934	000000003393	220.427690	+0.528625	0.56330
000000000171	003	13.934	000000003504	220.415230	+0.541172	0.56280
000000000171	003	13.934	000000011395	220.401670	+0.552444	0.55970
000000000137	003	14.769	000000002436	343.918740	-0.340067	0.54620
000000000137	003	14.769	000000010645	343.918300	-0.302964	0.55120
000000000137	003	14.769	000000012680	343.915820	-0.368949	0.55340
000000000164	003	14.221	000000003121	326.812900	-0.144222	0.51730
000000000164	003	14.221	000000005587	326.797620	-0.162359	0.51650
000000000164	003	14.221	000000009447	326.843620	-0.115484	0.51280
000000000158	003	14.420	000000003015	207.753270	-0.587115	0.51890
000000000158	003	14.420	000000006797	207.743460	-0.609297	0.52190
000000000158	003	14.420	000000011065	207.760940	-0.619823	0.52450
000000000139	003	15.949	000000002482	229.128720	-0.851117	0.65460
000000000139	003	15.949	000000008673	229.089210	-0.827090	0.65130
000000000139	003	15.949	000000003462	228.977830	-0.837341	0.63700
000000000143	003	13.725	000000002611	319.969460	-0.956213	0.54000
000000000143	003	13.725	000000005809	319.938190	-0.965997	0.54030
000000000143	003	13.725	000000010915	319.937180	-0.996108	0.54300
000000000144	003	15.766	000000002620	212.774120	-0.570648	0.41740
000000000144	003	15.766	000000007822	212.737310	-0.605334	0.41140
000000000144	003	15.766	000000002718	212.739930	-0.517475	0.42660
000000000163	003	13.548	000000003106	219.057760	-0.200242	0.62540
000000000163	003	13.548	000000007298	219.115540	-0.199333	0.62250
000000000163	003	13.548	000000012853	219.162370	-0.166253	0.62440
000000000145	003	14.850	000000002704	185.696490	+0.399691	0.45590
000000000145	003	14.850	000000009894	185.696690	+0.398315	0.45510
000000000145	003	14.850	000000011637	185.698300	+0.401284	0.46210
000000000150	003	13.489	000000002841	199.911220	+0.142460	0.50400
000000000150	003	13.489	000000002861	199.890580	+0.129426	0.50620
000000000150	003	13.489	000000006036	199.896290	+0.193380	0.50650
000000000154	003	13.344	000000002920	205.718260	-0.320297	0.60370
000000000154	003	13.344	000000007930	205.737820	-0.403421	0.60120
000000000154	003	13.344	000000012218	205.638710	-0.322947	0.60260
000000000155	003	14.718	000000002922	202.201270	-0.391274	0.66190
000000000155	003	14.718	000000006578	202.130620	-0.330906	0.65690
000000000155	003	14.718	000000007455	201.994090	-0.303377	0.65480
000000000147	003	14.894	000000002772	188.830480	+0.063820	0.50350
000000000147	003	14.894	000000004544	188.845340	+0.061669	0.51050
000000000147	003	14.894	000000010449	188.838430	+0.042239	0.50360
000000000000	003	12.956	000000000002	326.464900	-0.667903	0.59900
000000000000	003	12.956	000000009331	326.497650	-0.724220	0.59720
000000000000	003	12.956	000000010464	326.437610	-0.679894	0.59770
