#C_ID		C_Rich	C_Mass	G_ID		G_RA		G_DEC		G_z
000000000089	013	14.867	000000003526	158.834080	-0.002452	0.48460
000000000089	013	14.867	000000004594	158.847020	-0.015752	0.48550
000000000089	013	14.867	000000006111	158.840190	-0.005281	0.47800
000000000089	013	14.867	000000008259	158.870210	-0.037563	0.48400
000000000089	013	14.867	000000010925	158.855790	-0.028057	0.48450
000000000089	013	14.867	000000003528	158.878610	-0.063701	0.49090
000000000089	013	14.867	000000011310	158.897840	-0.049687	0.48820
000000000089	013	14.867	000000005270	158.914720	-0.095922	0.48060
000000000089	013	14.867	000000004457	158.955130	-0.080127	0.48060
000000000089	013	14.867	000000010322	158.897670	-0.146138	0.48250
000000000089	013	14.867	000000009401	158.968380	-0.049455	0.48540
000000000089	013	14.867	000000011205	158.848880	-0.159206	0.48390
000000000089	013	14.867	000000007719	158.991330	-0.020300	0.48510
000000000028	012	15.482	000000000736	161.051410	-0.081292	0.61280
000000000028	012	15.482	000000005815	161.103400	-0.034678	0.61240
000000000028	012	15.482	000000010854	161.176640	-0.054802	0.61230
000000000028	012	15.482	000000007752	161.163670	-0.104865	0.61740
000000000028	012	15.482	000000011152	161.188280	-0.158507	0.61700
000000000028	012	15.482	000000003294	161.161610	-0.235088	0.62520
000000000028	012	15.482	000000007132	161.219990	-0.261542	0.62440
000000000028	012	15.482	000000004158	161.246650	-0.263724	0.62300
000000000028	012	15.482	000000011914	161.234070	-0.346027	0.62900
000000000028	012	15.482	000000012189	161.227090	-0.299517	0.61920
000000000028	012	15.482	000000003729	161.300550	-0.347516	0.62370
000000000028	012	15.482	000000001875	161.322920	-0.374338	0.62150
000000000005	011	14.165	000000000040	152.842680	+0.003067	0.51090
000000000005	011	14.165	000000001218	152.873740	-0.045250	0.51140
000000000005	011	14.165	000000004491	152.873640	-0.046962	0.51150
000000000005	011	14.165	000000004512	152.854600	+0.001536	0.51130
000000000005	011	14.165	000000004729	152.839270	+0.045080	0.51100
000000000005	011	14.165	000000010121	152.847790	-0.049209	0.51130
000000000005	011	14.165	000000012859	152.861510	-0.038539	0.51130
000000000005	011	14.165	000000004276	152.890740	-0.033275	0.50740
000000000005	011	14.165	000000005765	152.887060	-0.075689	0.51530
000000000005	011	14.165	000000005434	152.821150	+0.075310	0.51360
000000000005	011	14.165	000000006097	152.834020	+0.128423	0.51310
000000000031	010	15.331	000000000799	035.394703	-0.215965	0.59350
000000000031	010	15.331	000000006015	035.450705	-0.236879	0.59250
000000000031	010	15.331	000000006918	035.340223	-0.181421	0.58980
000000000031	010	15.331	000000011960	035.406945	-0.207207	0.58830
000000000031	010	15.331	000000012413	035.371418	-0.199296	0.58550
000000000031	010	15.331	000000001737	035.455259	-0.275353	0.59290
000000000031	010	15.331	000000013086	035.483405	-0.235562	0.58980
000000000031	010	15.331	000000002547	035.419463	-0.307005	0.59270
000000000031	010	15.331	000000010000	035.506043	-0.204207	0.57770
000000000031	010	15.331	000000011030	035.521289	-0.182216	0.59350
000000000073	007	15.606	000000002854	164.447780	+0.192114	0.40230
000000000073	007	15.606	000000008920	164.321100	+0.094275	0.40770
000000000073	007	15.606	000000010457	164.497910	+0.182772	0.40410
000000000073	007	15.606	000000002988	164.571700	+0.286166	0.40760
000000000073	007	15.606	000000003976	164.515080	+0.231103	0.39070
000000000073	007	15.606	000000007515	164.607560	+0.216542	0.40270
000000000073	007	15.606	000000007349	164.250130	+0.059305	0.40700
000000000059	007	14.912	000000002162	034.982041	-0.088625	0.55930
000000000059	007	14.912	000000003931	034.989650	-0.110036	0.55320
000000000059	007	14.912	000000010235	034.942860	-0.136697	0.55740
000000000059	007	14.912	000000012037	034.993141	-0.049962	0.55220
000000000059	007	14.912	000000003054	034.929699	-0.196841	0.55530
000000000059	007	14.912	000000008080	035.046594	-0.045865	0.55850
000000000059	007	14.912	000000007343	035.071033	-0.010044	0.56260
000000000041	006	16.044	000000001206	015.706972	+0.073276	0.40920
000000000041	006	16.044	000000001675	015.687926	+0.166986	0.42070
000000000041	006	16.044	000000008886	015.671437	-0.072361	0.41500
000000000041	006	16.044	000000008998	015.801511	+0.088969	0.39930
000000000041	006	16.044	000000004585	015.729061	+0.033797	0.42220
000000000041	006	16.044	000000004957	015.687583	-0.165116	0.41650
000000000114	006	15.293	000000005204	152.907490	+0.112795	0.42730
000000000114	006	15.293	000000006088	152.884610	+0.052527	0.43700
000000000114	006	15.293	000000011238	152.888180	+0.160636	0.43550
000000000114	006	15.293	000000012137	152.911930	+0.080763	0.43580
000000000114	006	15.293	000000006538	152.870590	+0.295265	0.43370
000000000114	006	15.293	000000009817	152.903060	+0.232299	0.44200
000000000013	006	16.111	000000000280	013.408303	+0.555429	0.41540
000000000013	006	16.111	000000005848	013.379902	+0.455293	0.41970
000000000013	006	16.111	000000009399	013.287436	+0.610629	0.42420
000000000013	006	16.111	000000011908	013.441994	+0.502076	0.40480
000000000013	006	16.111	000000007556	013.407667	+0.324508	0.42570
000000000013	006	16.111	000000009178	013.372140	+0.260918	0.42980
000000000051	006	15.533	000000001734	154.949550	+0.408519	0.44860
000000000051	006	15.533	000000005234	154.994270	+0.346940	0.44900
000000000051	006	15.533	000000008091	155.030670	+0.285393	0.46170
000000000051	006	15.533	000000012177	155.069040	+0.350175	0.44850
000000000051	006	15.533	000000007028	155.073260	+0.212699	0.45060
000000000051	006	15.533	000000006770	155.135980	+0.329468	0.45850
000000000049	005	16.057	000000001668	163.318360	-0.124172	0.69260
000000000049	005	16.057	000000002131	163.368570	-0.176046	0.67790
000000000049	005	16.057	000000007278	163.431740	-0.296199	0.66850
000000000049	005	16.057	000000002115	163.407410	-0.361187	0.67420
000000000049	005	16.057	000000012468	163.409580	-0.477664	0.67200
000000000018	005	14.803	000000000493	034.927998	+0.365024	0.53690
000000000018	005	14.803	000000010183	034.979643	+0.370177	0.53680
000000000018	005	14.803	000000013038	034.956425	+0.372002	0.54460
000000000018	005	14.803	000000005397	035.006197	+0.321975	0.54260
000000000018	005	14.803	000000011926	035.016374	+0.398766	0.54030
000000000029	005	13.822	000000000742	011.057984	-0.136880	0.47780
000000000029	005	13.822	000000011086	011.097516	-0.172402	0.48030
000000000029	005	13.822	000000006008	011.088290	-0.130918	0.47650
000000000029	005	13.822	000000007730	011.083586	-0.130908	0.47630
000000000029	005	13.822	000000010722	011.030065	-0.154091	0.47750
000000000001	005	14.347	000000000020	156.660400	-0.292312	0.49190
000000000001	005	14.347	000000002226	156.661410	-0.341850	0.48600
000000000001	005	14.347	000000003268	156.694970	-0.251214	0.48690
000000000001	005	14.347	000000004667	156.626250	-0.314761	0.48650
000000000001	005	14.347	000000003098	156.611760	-0.317425	0.48710
000000000044	005	14.356	000000001266	155.313860	-0.467808	0.51750
000000000044	005	14.356	000000003023	155.316690	-0.495549	0.52020
000000000044	005	14.356	000000004314	155.327780	-0.460025	0.51600
000000000044	005	14.356	000000005625	155.312260	-0.494271	0.52220
000000000044	005	14.356	000000010325	155.315820	-0.468359	0.51800
000000000070	005	15.371	000000002758	162.154010	+0.241431	0.47960
000000000070	005	15.371	000000008075	162.175230	+0.207568	0.48770
000000000070	005	15.371	000000005416	162.130320	+0.232667	0.49040
000000000070	005	15.371	000000005968	162.165840	+0.220793	0.48880
000000000070	005	15.371	000000004590	162.145300	+0.246516	0.49380
000000000042	005	14.267	000000001219	162.109310	-0.843020	0.49590
000000000042	005	14.267	000000005066	162.119390	-0.832015	0.49640
000000000042	005	14.267	000000008499	162.098970	-0.875306	0.49550
000000000042	005	14.267	000000011059	162.104360	-0.860261	0.49580
000000000042	005	14.267	000000012261	162.116290	-0.782620	0.50090
000000000102	005	14.167	000000004829	152.185510	-0.413333	0.58830
000000000102	005	14.167	000000005835	152.146750	-0.397823	0.58840
000000000102	005	14.167	000000008380	152.129700	-0.430396	0.58360
000000000102	005	14.167	000000009511	152.123930	-0.444575	0.58590
000000000102	005	14.167	000000012432	152.146220	-0.398536	0.58840
000000000061	005	15.559	000000002264	151.574940	-0.244874	0.48490
000000000061	005	15.559	000000003975	151.595260	-0.248313	0.48510
000000000061	005	15.559	000000004665	151.618130	-0.251097	0.48620
000000000061	005	15.559	000000007127	151.546350	-0.227554	0.47210
000000000061	005	15.559	000000010973	151.573930	-0.245345	0.48620
000000000025	005	14.692	000000000584	150.705830	+0.511549	0.57280
000000000025	005	14.692	000000001808	150.704140	+0.548844	0.57650
000000000025	005	14.692	000000010870	150.721220	+0.513856	0.57210
000000000025	005	14.692	000000002763	150.764140	+0.555356	0.57780
000000000025	005	14.692	000000004303	150.639370	+0.532195	0.57950
000000000007	005	13.188	000000000139	185.303440	+0.188230	0.53280
000000000007	005	13.188	000000001032	185.277400	+0.241073	0.53230
000000000007	005	13.188	000000012117	185.289850	+0.226747	0.53220
000000000007	005	13.188	000000004961	185.309770	+0.289866	0.53430
000000000007	005	13.188	000000009749	185.308250	+0.334171	0.53410
000000000056	005	16.114	000000002009	034.653149	-0.358038	0.67090
000000000056	005	16.114	000000010888	034.683536	-0.260547	0.66810
000000000056	005	16.114	000000010134	034.688367	-0.247875	0.65590
000000000056	005	16.114	000000008445	034.676579	-0.250666	0.64870
000000000056	005	16.114	000000011231	034.664080	-0.171524	0.65280
000000000036	004	13.724	000000000990	010.806248	+0.384940	0.52470
000000000036	004	13.724	000000005818	010.805817	+0.412257	0.52630
000000000036	004	13.724	000000006783	010.783497	+0.376696	0.52740
000000000036	004	13.724	000000010609	010.759571	+0.385437	0.52830
000000000131	004	14.802	000000008228	009.527640	-0.112915	0.48640
000000000131	004	14.802	000000008421	009.480481	-0.124072	0.49340
000000000131	004	14.802	000000009440	009.480983	-0.100320	0.49230
000000000131	004	14.802	000000013072	009.478790	-0.113301	0.49410
000000000087	004	15.309	000000003467	014.295223	+0.107352	0.57160
000000000087	004	15.309	000000010297	014.335394	+0.113264	0.57180
000000000087	004	15.309	000000012695	014.361282	+0.129719	0.56130
000000000087	004	15.309	000000010670	014.389475	+0.191413	0.57220
000000000006	004	13.481	000000000042	151.935660	-0.014551	0.46490
000000000006	004	13.481	000000013123	151.943800	+0.036880	0.46800
000000000006	004	13.481	000000008018	151.941620	+0.049838	0.46650
000000000006	004	13.481	000000002040	151.955660	+0.095655	0.46650
000000000034	004	12.568	000000000956	167.266130	-0.004455	0.53530
000000000034	004	12.568	000000002688	167.275170	-0.042184	0.53460
000000000034	004	12.568	000000003518	167.237810	-0.000829	0.53430
000000000034	004	12.568	000000010015	167.241870	+0.010419	0.53570
000000000093	004	13.865	000000004146	142.163280	+0.046951	0.45530
000000000093	004	13.865	000000005088	142.165840	+0.041514	0.45520
000000000093	004	13.865	000000007400	142.158930	+0.072200	0.45760
000000000093	004	13.865	000000009378	142.140090	+0.045277	0.45860
000000000091	004	14.005	000000003674	167.307200	+0.189712	0.54060
000000000091	004	14.005	000000010043	167.300650	+0.197268	0.53670
000000000091	004	14.005	000000010281	167.285920	+0.155458	0.53990
000000000091	004	14.005	000000010923	167.277340	+0.118487	0.54090
000000000060	004	13.611	000000002232	185.510820	+0.186507	0.45830
000000000060	004	13.611	000000003821	185.538070	+0.178686	0.45760
000000000060	004	13.611	000000009318	185.488040	+0.136571	0.46080
000000000060	004	13.611	000000010101	185.482420	+0.124570	0.45840
000000000037	004	13.561	000000001049	161.865260	-0.377621	0.60240
000000000037	004	13.561	000000010547	161.848810	-0.418250	0.60500
000000000037	004	13.561	000000012105	161.899190	-0.390806	0.60460
000000000037	004	13.561	000000002764	161.962590	-0.380737	0.60240
000000000084	004	13.393	000000003342	139.634380	-0.607282	0.58280
000000000084	004	13.393	000000010253	139.571490	-0.586467	0.58510
000000000084	004	13.393	000000011754	139.662580	-0.576429	0.58230
000000000084	004	13.393	000000012952	139.638240	-0.591976	0.58330
000000000003	004	14.401	000000000026	010.349053	+0.282182	0.61230
000000000003	004	14.401	000000002276	010.337116	+0.327220	0.61020
000000000003	004	14.401	000000004327	010.346487	+0.315512	0.60960
000000000003	004	14.401	000000011227	010.276603	+0.246297	0.61550
000000000077	004	13.071	000000002924	156.014990	+0.639724	0.44900
000000000077	004	13.071	000000003998	155.960660	+0.614815	0.44840
000000000077	004	13.071	000000004463	156.004650	+0.642316	0.44710
000000000077	004	13.071	000000005356	155.982040	+0.667749	0.44910
000000000085	004	15.315	000000003355	163.145740	+0.728805	0.62320
000000000085	004	15.315	000000005753	163.163140	+0.719663	0.61640
000000000085	004	15.315	000000002169	163.244540	+0.678764	0.61110
000000000085	004	15.315	000000007456	163.318170	+0.629684	0.61270
000000000079	004	14.331	000000003035	010.637742	-0.370199	0.74560
000000000079	004	14.331	000000003296	010.509570	-0.268421	0.74440
000000000079	004	14.331	000000006575	010.322513	-0.176339	0.74120
000000000079	004	14.331	000000011070	010.176892	-0.228691	0.74740
000000000072	004	13.540	000000002817	152.218630	-0.785668	0.61610
000000000072	004	13.540	000000011987	152.255700	-0.742580	0.61420
000000000072	004	13.540	000000011709	152.311830	-0.678860	0.61300
000000000072	004	13.540	000000003701	152.368570	-0.662884	0.61340
000000000004	004	13.673	000000000031	158.297560	+0.584441	0.48250
000000000004	004	13.673	000000005611	158.322370	+0.619177	0.48130
000000000004	004	13.673	000000005001	158.347340	+0.629183	0.48010
000000000004	004	13.673	000000004211	158.391140	+0.644764	0.48350
000000000083	004	12.369	000000003341	012.704210	+0.555367	0.49930
000000000083	004	12.369	000000010528	012.700117	+0.591814	0.50000
000000000083	004	12.369	000000012696	012.740568	+0.623655	0.49870
000000000083	004	12.369	000000006758	012.747612	+0.629094	0.49910
000000000080	004	14.461	000000003118	141.971590	-0.137954	0.45400
000000000080	004	14.461	000000003632	141.998680	-0.164720	0.45940
000000000080	004	14.461	000000009647	141.961760	-0.113909	0.45890
000000000080	004	14.461	000000012303	141.976900	-0.135860	0.45520
000000000014	004	15.059	000000000295	150.744400	-0.794897	0.65130
000000000014	004	15.059	000000008272	150.727830	-0.797443	0.65150
000000000014	004	15.059	000000010266	150.677490	-0.699920	0.65830
000000000014	004	15.059	000000011431	150.635620	-0.645574	0.64760
000000000054	004	14.815	000000001850	156.494420	-0.138841	0.45890
000000000054	004	14.815	000000010497	156.474500	-0.125538	0.45940
000000000054	004	14.815	000000011255	156.422040	-0.094381	0.45270
000000000054	004	14.815	000000002290	156.436540	-0.053707	0.45350
000000000045	004	13.763	000000001334	160.859350	-0.295548	0.52380
000000000045	004	13.763	000000005965	160.859060	-0.306503	0.52430
000000000045	004	13.763	000000006123	160.847530	-0.333888	0.52270
000000000045	004	13.763	000000011522	160.884940	-0.248567	0.52650
000000000110	004	13.711	000000005058	015.312028	-0.824792	0.64220
000000000110	004	13.711	000000011072	015.361000	-0.725975	0.63990
000000000110	004	13.711	000000009023	015.466392	-0.730214	0.63840
000000000110	004	13.711	000000001264	015.534826	-0.824178	0.63970
000000000128	004	14.730	000000007840	138.326940	-0.571724	0.60290
000000000128	004	14.730	000000009256	138.303490	-0.614015	0.60440
000000000128	004	14.730	000000009557	138.301430	-0.606841	0.61030
000000000128	004	14.730	000000010462	138.275640	-0.661086	0.60340
000000000113	004	15.622	000000005151	160.105640	+0.620197	0.55360
000000000113	004	15.622	000000005198	160.055060	+0.608563	0.54150
000000000113	004	15.622	000000007197	160.079210	+0.553606	0.54710
000000000113	004	15.622	000000012168	160.056100	+0.615107	0.53840
000000000121	004	13.878	000000006317	137.913420	-0.641521	0.60380
000000000121	004	13.878	000000009091	137.912800	-0.679780	0.59960
000000000121	004	13.878	000000009305	137.870830	-0.654567	0.60200
000000000121	004	13.878	000000010438	137.915960	-0.664693	0.60270
000000000062	004	15.719	000000002312	152.285590	-0.006763	0.52890
000000000062	004	15.719	000000004432	152.294990	-0.004786	0.52730
000000000062	004	15.719	000000008199	152.277810	-0.003838	0.52390
000000000062	004	15.719	000000010141	152.293600	-0.019561	0.51300
000000000120	004	15.125	000000006150	163.885910	-0.530794	0.53160
000000000120	004	15.125	000000012980	163.922320	-0.490375	0.53180
000000000120	004	15.125	000000010360	163.961940	-0.483445	0.52230
000000000120	004	15.125	000000012563	163.971460	-0.487560	0.53060
000000000021	004	14.047	000000000531	150.585660	+0.179758	0.49140
000000000021	004	14.047	000000001769	150.551300	+0.185340	0.49100
000000000021	004	14.047	000000008938	150.567280	+0.188358	0.49190
000000000021	004	14.047	000000011111	150.572390	+0.219384	0.49530
000000000023	004	15.645	000000000545	167.353590	+0.251595	0.52950
000000000023	004	15.645	000000002520	167.363790	+0.214946	0.52670
000000000023	004	15.645	000000001008	167.407600	+0.233306	0.54200
000000000023	004	15.645	000000008521	167.399820	+0.247310	0.53010
000000000020	004	14.579	000000000521	185.577060	-0.608682	0.45250
000000000020	004	14.579	000000006469	185.579450	-0.565868	0.45790
000000000020	004	14.579	000000009656	185.596920	-0.550496	0.45850
000000000020	004	14.579	000000011064	185.575680	-0.596919	0.45860
000000000024	004	15.030	000000000563	013.305498	-0.960842	0.53410
000000000024	004	15.030	000000002093	013.343890	-0.967014	0.53270
000000000024	004	15.030	000000008166	013.396411	-0.961256	0.54160
000000000024	004	15.030	000000006998	013.407157	-0.958666	0.53940
000000000126	004	13.622	000000007679	141.488500	-0.093816	0.48860
000000000126	004	13.622	000000009267	141.464240	-0.066493	0.49150
000000000126	004	13.622	000000012645	141.488400	-0.131858	0.49080
000000000126	004	13.622	000000010054	141.437810	-0.028333	0.49170
000000000009	004	13.709	000000000147	153.177990	-0.662512	0.47680
000000000009	004	13.709	000000000898	153.166880	-0.698582	0.47660
000000000009	004	13.709	000000002533	153.172360	-0.703825	0.47550
000000000009	004	13.709	000000000396	153.147490	-0.725947	0.47910
000000000047	004	15.123	000000001450	139.701750	-0.240113	0.45850
000000000047	004	15.123	000000002726	139.675080	-0.192667	0.45840
000000000047	004	15.123	000000003065	139.710040	-0.256257	0.45500
000000000047	004	15.123	000000009642	139.731860	-0.274318	0.46560
000000000053	004	13.552	000000001839	165.135030	-0.122886	0.49800
000000000053	004	13.552	000000007511	165.089980	-0.112450	0.50020
000000000053	004	13.552	000000007897	165.060450	-0.138099	0.49750
000000000053	004	13.552	000000009195	165.052800	-0.143743	0.49990
000000000103	004	12.256	000000004833	162.196560	+0.452244	0.48170
000000000103	004	12.256	000000005251	162.223690	+0.471135	0.48220
000000000103	004	12.256	000000006106	162.230360	+0.465264	0.48260
000000000103	004	12.256	000000007069	162.270410	+0.487167	0.48150
000000000074	004	13.750	000000002868	034.517861	-0.693466	0.67540
000000000074	004	13.750	000000007619	034.581189	-0.699786	0.67470
000000000074	004	13.750	000000012754	034.548559	-0.573549	0.67500
000000000074	004	13.750	000000005713	034.682227	-0.648660	0.67180
000000000046	003	14.687	000000001389	035.079054	-0.619509	0.58460
000000000046	003	14.687	000000004897	035.053390	-0.645878	0.59050
000000000046	003	14.687	000000006551	035.028404	-0.688830	0.58430
000000000043	003	15.563	000000001256	154.217570	-0.876982	0.53170
000000000043	003	15.563	000000002251	154.228660	-0.847004	0.54460
000000000043	003	15.563	000000009403	154.231550	-0.844871	0.54170
000000000052	003	15.303	000000001791	163.346050	-0.954247	0.55840
000000000052	003	15.303	000000008161	163.369210	-0.944499	0.56040
000000000052	003	15.303	000000007179	163.427310	-0.935413	0.56890
000000000048	003	12.684	000000001617	137.780430	+0.048486	0.51200
000000000048	003	12.684	000000004287	137.810230	+0.034086	0.51060
000000000048	003	12.684	000000004888	137.746400	+0.061131	0.51090
000000000050	003	12.012	000000001672	152.508210	-0.598897	0.47520
000000000050	003	12.012	000000006163	152.522110	-0.598083	0.47590
000000000050	003	12.012	000000006894	152.495500	-0.588923	0.47510
000000000033	003	12.991	000000000917	185.587940	-1.195624	0.49410
000000000033	003	12.991	000000004195	185.600970	-1.154524	0.49560
000000000033	003	12.991	000000004209	185.602590	-1.163559	0.49390
000000000039	003	14.818	000000001107	009.152921	-0.580176	0.65610
000000000039	003	14.818	000000011927	009.081624	-0.610885	0.66170
000000000039	003	14.818	000000004243	009.027787	-0.593081	0.66370
000000000015	003	15.439	000000000342	150.767540	-0.597785	0.55140
000000000015	003	15.439	000000004379	150.775160	-0.549343	0.54950
000000000015	003	15.439	000000007347	150.811910	-0.509297	0.53990
000000000012	003	15.466	000000000258	035.746617	+0.699692	0.48190
000000000012	003	15.466	000000003396	035.752367	+0.660692	0.48110
000000000012	003	15.466	000000004180	035.757150	+0.722676	0.49220
000000000016	003	15.813	000000000410	153.291570	-0.202770	0.55600
000000000016	003	15.813	000000009347	153.284470	-0.151039	0.56410
000000000016	003	15.813	000000011732	153.286050	-0.194168	0.57250
000000000011	003	14.450	000000000157	159.643760	-1.078039	0.55610
000000000011	003	14.450	000000012509	159.682290	-1.063461	0.56130
000000000011	003	14.450	000000003804	159.722900	-1.021595	0.55650
000000000008	003	16.099	000000000144	013.196919	-0.157182	0.63060
000000000008	003	16.099	000000009966	013.237093	-0.176448	0.61750
000000000008	003	16.099	000000010616	013.231473	-0.158340	0.61000
000000000002	003	14.720	000000000025	185.179970	-0.508935	0.68400
000000000002	003	14.720	000000003227	185.124300	-0.631368	0.68690
000000000002	003	14.720	000000009497	185.145430	-0.434675	0.67960
000000000010	003	14.913	000000000154	162.536840	+0.055238	0.58800
000000000010	003	14.913	000000005962	162.513040	+0.011196	0.58510
000000000010	003	14.913	000000008090	162.516430	+0.007052	0.57980
000000000040	003	13.751	000000001162	012.034844	+0.587310	0.57480
000000000040	003	13.751	000000003354	011.988078	+0.628304	0.57660
000000000040	003	13.751	000000010326	011.986127	+0.562108	0.57820
000000000017	003	15.181	000000000482	150.360140	-0.322388	0.51990
000000000017	003	15.181	000000008205	150.362390	-0.334258	0.51950
000000000017	003	15.181	000000001728	150.393570	-0.313008	0.52840
000000000022	003	13.380	000000000535	140.475340	+0.095062	0.49770
000000000022	003	13.380	000000003419	140.483090	+0.089779	0.49520
000000000022	003	13.380	000000011240	140.478400	+0.093458	0.49660
000000000038	003	12.939	000000001070	167.860050	-0.480654	0.55640
000000000038	003	12.939	000000005933	167.826750	-0.518703	0.55780
000000000038	003	12.939	000000010800	167.839980	-0.540896	0.55810
000000000035	003	13.476	000000000964	151.671640	-0.218853	0.44740
000000000035	003	13.476	000000007953	151.668360	-0.229623	0.45000
000000000035	003	13.476	000000002024	151.708720	-0.163795	0.44920
000000000019	003	13.915	000000000510	033.946026	+0.549079	0.74720
000000000019	003	13.915	000000011078	033.827226	+0.521692	0.74880
000000000019	003	13.915	000000012758	034.011680	+0.461269	0.75120
000000000032	003	14.426	000000000856	010.350490	-0.333906	0.46250
000000000032	003	14.426	000000002212	010.365874	-0.356094	0.45920
000000000032	003	14.426	000000007675	010.334886	-0.316137	0.45700
000000000027	003	14.824	000000000613	033.414167	+0.063982	0.74560
000000000027	003	14.824	000000003803	033.431358	+0.003553	0.74730
000000000027	003	14.824	000000000359	033.196893	+0.244819	0.75330
000000000026	003	14.293	000000000594	141.480240	-0.488141	0.46500
000000000026	003	14.293	000000008991	141.449720	-0.494727	0.46770
000000000026	003	14.293	000000009344	141.470500	-0.508665	0.46270
000000000030	003	14.055	000000000743	150.214380	+0.268230	0.49790
000000000030	003	14.055	000000007629	150.240690	+0.240112	0.49600
000000000030	003	14.055	000000007921	150.190190	+0.281940	0.49370
000000000136	003	13.935	000000009619	162.074580	-0.403958	0.60150
000000000136	003	13.935	000000011373	162.132090	-0.430385	0.59870
000000000136	003	13.935	000000013118	162.057240	-0.396171	0.59770
000000000068	003	13.711	000000002559	165.959890	-0.827842	0.46270
000000000068	003	13.711	000000003385	165.952560	-0.868282	0.46590
000000000068	003	13.711	000000008541	165.917530	-0.904768	0.46440
000000000057	003	15.270	000000002056	138.173810	+0.267383	0.60340
000000000057	003	15.270	000000002636	138.148800	+0.266194	0.60520
000000000057	003	15.270	000000007136	138.184020	+0.196249	0.61370
000000000117	003	11.282	000000005311	155.341460	-0.856575	0.51680
000000000117	003	11.282	000000007396	155.312480	-0.859675	0.51700
000000000117	003	11.282	000000006638	155.312880	-0.917986	0.51730
000000000116	003	15.952	000000005294	150.309820	+0.189127	0.49690
000000000116	003	15.952	000000006780	150.309410	+0.140156	0.49220
000000000116	003	15.952	000000011441	150.326660	+0.187828	0.47950
000000000115	003	11.998	000000005264	151.138960	+0.223494	0.51580
000000000115	003	11.998	000000010471	151.136880	+0.223619	0.51590
000000000115	003	11.998	000000012411	151.144580	+0.210180	0.51660
000000000118	003	13.774	000000005806	141.905990	-0.238060	0.45840
000000000118	003	13.774	000000008429	141.894310	-0.255416	0.45860
000000000118	003	13.774	000000012223	141.924030	-0.198570	0.45560
000000000111	003	16.316	000000005079	009.767153	-0.061153	0.54120
000000000111	003	16.316	000000006413	009.770044	-0.024037	0.52800
000000000111	003	16.316	000000010125	009.828653	-0.050043	0.55210
000000000112	003	15.630	000000005102	156.138290	+0.373437	0.48790
000000000112	003	15.630	000000007895	156.175060	+0.387796	0.50020
000000000112	003	15.630	000000008851	156.192100	+0.348391	0.50000
000000000108	003	15.581	000000004994	152.985810	+0.360387	0.51660
000000000108	003	15.581	000000006217	153.036520	+0.351191	0.51680
000000000108	003	15.581	000000010435	153.038520	+0.371112	0.50490
000000000107	003	15.290	000000004978	011.188904	-0.555317	0.74490
000000000107	003	15.290	000000006080	011.128273	-0.542393	0.75620
000000000107	003	15.290	000000008964	011.001814	-0.382864	0.74840
000000000106	003	12.873	000000004927	009.567140	+0.499738	0.55610
000000000106	003	12.873	000000008431	009.529360	+0.485027	0.55720
000000000106	003	12.873	000000006940	009.499328	+0.442167	0.55550
000000000109	003	13.873	000000005055	152.260680	-0.023220	0.42050
000000000109	003	13.873	000000005917	152.267920	-0.080550	0.42030
000000000109	003	13.873	000000008298	152.198250	-0.043894	0.42350
000000000105	003	15.920	000000004885	163.469140	-0.062838	0.50430
000000000105	003	15.920	000000012746	163.463500	-0.095814	0.49560
000000000105	003	15.920	000000009200	163.506590	-0.114250	0.48670
000000000119	003	12.317	000000006035	010.309924	+0.189665	0.51540
000000000119	003	12.317	000000010168	010.294527	+0.147284	0.51470
000000000119	003	12.317	000000006419	010.307750	+0.116991	0.51580
000000000123	003	13.662	000000006887	166.375720	-0.397951	0.50460
000000000123	003	13.662	000000008217	166.418430	-0.416065	0.50730
000000000123	003	13.662	000000013003	166.334420	-0.413778	0.50460
000000000135	003	15.701	000000009500	155.454380	-0.319459	0.61930
000000000135	003	15.701	000000003753	155.404070	-0.388262	0.60660
000000000135	003	15.701	000000010273	155.373360	-0.296517	0.62040
000000000134	003	14.447	000000009057	162.648490	+0.518410	0.48360
000000000134	003	14.447	000000010020	162.633880	+0.513269	0.47860
000000000134	003	14.447	000000012658	162.701160	+0.519091	0.48340
000000000133	003	14.970	000000008909	012.221230	-1.012294	0.73160
000000000133	003	14.970	000000009856	012.099547	-0.933085	0.72500
000000000133	003	14.970	000000010150	012.090473	-0.859634	0.72300
000000000122	003	13.065	000000006331	154.177420	+0.030000	0.50070
000000000122	003	13.065	000000006960	154.200090	+0.039077	0.50260
000000000122	003	13.065	000000010166	154.166370	+0.025225	0.50120
000000000130	003	12.967	000000008222	035.291901	-0.477362	0.47550
000000000130	003	12.967	000000009890	035.296183	-0.446876	0.47480
000000000130	003	12.967	000000012182	035.289385	-0.429593	0.47660
000000000132	003	14.157	000000008874	158.762470	-0.161388	0.45660
000000000132	003	14.157	000000011843	158.737150	-0.167890	0.45560
000000000132	003	14.157	000000012545	158.709650	-0.111588	0.45990
000000000127	003	14.552	000000007681	152.656830	-0.489158	0.52230
000000000127	003	14.552	000000008302	152.667810	-0.469939	0.52360
000000000127	003	14.552	000000009929	152.641790	-0.489180	0.51770
000000000125	003	16.081	000000007386	158.915950	-0.397007	0.54500
000000000125	003	16.081	000000010847	158.944440	-0.432813	0.53850
000000000125	003	16.081	000000010934	158.880320	-0.415678	0.55830
000000000124	003	15.933	000000007106	162.591260	-0.804543	0.47430
000000000124	003	15.933	000000013094	162.620810	-0.800599	0.46150
000000000124	003	15.933	000000007583	162.595700	-0.783684	0.45740
000000000129	003	15.539	000000008059	036.368261	-0.764286	0.59580
000000000129	003	15.539	000000008881	036.325974	-0.743994	0.58420
000000000129	003	15.539	000000008439	036.295378	-0.731621	0.58410
000000000055	003	15.513	000000001934	124.372300	-0.445484	0.46300
000000000055	003	15.513	000000002635	124.349700	-0.451645	0.45110
000000000055	003	15.513	000000008630	124.375700	-0.483942	0.46100
000000000101	003	15.557	000000004827	153.026840	-0.623048	0.46540
000000000101	003	15.557	000000008346	153.036520	-0.621672	0.47710
000000000101	003	15.557	000000008748	153.010940	-0.673273	0.46590
000000000104	003	11.501	000000004876	013.720833	+0.296237	0.54470
000000000104	003	11.501	000000008122	013.668444	+0.299099	0.54500
000000000104	003	11.501	000000010119	013.728474	+0.316990	0.54530
000000000099	003	14.341	000000004680	154.047870	+0.114262	0.46470
000000000099	003	14.341	000000011540	154.051080	+0.104484	0.46640
000000000099	003	14.341	000000012268	154.043220	+0.080894	0.46130
000000000075	003	14.760	000000002872	034.466100	-0.583005	0.51720
000000000075	003	14.760	000000009826	034.522931	-0.584195	0.51180
000000000075	003	14.760	000000003612	034.529473	-0.603242	0.51030
000000000071	003	13.959	000000002766	142.688980	+0.420839	0.57960
000000000071	003	13.959	000000006588	142.656820	+0.429863	0.57990
000000000071	003	13.959	000000012747	142.708260	+0.450839	0.58320
000000000069	003	15.122	000000002637	013.655013	+0.410015	0.54960
000000000069	003	15.122	000000007789	013.655261	+0.398252	0.54690
000000000069	003	15.122	000000011368	013.625728	+0.349562	0.55630
000000000076	003	14.453	000000002876	140.801540	+0.052463	0.52150
000000000076	003	14.453	000000010122	140.801320	+0.065166	0.52720
000000000076	003	14.453	000000011657	140.801520	+0.058762	0.52370
000000000066	003	13.486	000000002451	185.448430	+0.304515	0.45770
000000000066	003	13.486	000000004301	185.448930	+0.291660	0.45960
000000000066	003	13.486	000000007004	185.460460	+0.361504	0.46030
000000000067	003	12.925	000000002493	036.418763	-0.126334	0.44510
000000000067	003	12.925	000000010838	036.399168	-0.100126	0.44670
000000000067	003	12.925	000000008213	036.330462	-0.102860	0.44530
000000000064	003	13.229	000000002371	156.636430	-0.517062	0.56810
000000000064	003	13.229	000000003194	156.601770	-0.524067	0.56970
000000000064	003	13.229	000000011653	156.628180	-0.536345	0.57030
000000000063	003	13.821	000000002353	150.591850	-0.686799	0.56900
000000000063	003	13.821	000000007418	150.549240	-0.706115	0.56660
000000000063	003	13.821	000000009651	150.554520	-0.743120	0.56550
000000000058	003	13.457	000000002072	185.129960	+0.185675	0.38350
000000000058	003	13.457	000000004898	185.119840	+0.181615	0.38530
000000000058	003	13.457	000000009228	185.035480	+0.147426	0.38280
000000000065	003	15.146	000000002413	151.920510	+0.123998	0.52370
000000000065	003	15.146	000000003386	151.941050	+0.144595	0.53140
000000000065	003	15.146	000000012709	151.949270	+0.169613	0.53280
000000000100	003	14.076	000000004788	010.779958	-0.028800	0.46660
000000000100	003	14.076	000000007514	010.817065	-0.031066	0.46500
000000000100	003	14.076	000000009339	010.816436	+0.015536	0.46920
000000000078	003	13.800	000000003025	185.370340	-0.499750	0.64020
000000000078	003	13.800	000000012867	185.395240	-0.608554	0.64290
000000000078	003	13.800	000000003530	185.355780	-0.446868	0.63950
000000000082	003	12.469	000000003282	152.556530	-0.096757	0.50990
000000000082	003	12.469	000000004387	152.564830	-0.107517	0.50870
000000000082	003	12.469	000000007419	152.506060	-0.078014	0.50960
000000000098	003	11.279	000000004679	163.979980	-0.339124	0.52580
000000000098	003	11.279	000000010260	164.002950	-0.328243	0.52630
000000000098	003	11.279	000000012152	164.052970	-0.306285	0.52610
000000000097	003	14.803	000000004621	156.738150	-0.664597	0.56920
000000000097	003	14.803	000000007742	156.741500	-0.681828	0.57270
000000000097	003	14.803	000000012978	156.742180	-0.678396	0.56510
000000000096	003	14.045	000000004560	157.632890	-0.016908	0.49260
000000000096	003	14.045	000000007758	157.627280	-0.026808	0.49120
000000000096	003	14.045	000000009658	157.632370	-0.044649	0.48850
000000000081	003	12.304	000000003159	140.762550	+0.434279	0.55220
000000000081	003	12.304	000000004052	140.766240	+0.461577	0.55330
000000000081	003	12.304	000000005830	140.759360	+0.429914	0.55290
000000000094	003	13.693	000000004254	157.544170	+0.290655	0.52820
000000000094	003	13.693	000000005062	157.572540	+0.281009	0.53120
000000000094	003	13.693	000000010373	157.595270	+0.297824	0.52870
000000000095	003	14.118	000000004511	015.093263	+0.246706	0.48750
000000000095	003	14.118	000000007879	015.140706	+0.230625	0.48710
000000000095	003	14.118	000000010712	015.124760	+0.236650	0.49110
000000000090	003	12.846	000000003622	151.960660	-0.008989	0.58520
000000000090	003	12.846	000000008827	151.997680	-0.026974	0.58430
000000000090	003	12.846	000000010523	152.000170	-0.021926	0.58350
000000000088	003	14.232	000000003489	142.208910	-0.041057	0.45030
000000000088	003	14.232	000000004620	142.181180	-0.037185	0.45480
000000000088	003	14.232	000000004901	142.204050	-0.038176	0.45390
000000000086	003	12.942	000000003435	151.749410	-0.515431	0.47010
000000000086	003	12.942	000000009851	151.739350	-0.517827	0.47140
000000000086	003	12.942	000000012127	151.753440	-0.516098	0.47180
000000000092	003	13.035	000000003713	156.686650	-0.365186	0.43460
000000000092	003	13.035	000000003982	156.684520	-0.350311	0.43320
000000000092	003	13.035	000000006267	156.677530	-0.279821	0.43280
000000000000	003	14.421	000000000004	141.250420	-0.851818	0.43330
000000000000	003	14.421	000000001138	141.264910	-0.852119	0.43740
000000000000	003	14.421	000000012769	141.239970	-0.880985	0.43850
