#C_ID		Rich	RA		Dec		z		Sigma (km/s)		Size (arcsec)	log Mass (M_solar)
000000000000	023	204.81252	-0.60570	0.43902		04305.65		1003.85		16.8422
000000000300	021	346.39583	+0.09663	0.61284		09320.87		623.99		17.7893
000000000032	012	190.75711	+0.07047	0.47165		05395.01		273.08		17.1247
000000000040	011	321.15697	-0.02372	0.48943		08945.67		322.74		17.7774
000000000035	011	342.40659	-0.42252	0.49515		09573.62		240.15		17.8638
000000000246	010	325.87908	-0.45613	0.56092		08302.82		249.20		17.6559
000000000204	010	322.18411	-0.78085	0.57133		11560.26		181.05		18.0836
000000000284	010	222.77444	+0.06518	0.58050		08653.54		267.94		17.7032
000000000249	010	322.46402	-0.47815	0.60200		14611.87		386.73		18.3786
000000000244	009	222.01132	-0.61273	0.58120		08775.39		227.56		17.7212
000000000102	009	343.58795	-0.64712	0.54958		09588.65		234.26		17.8473
000000000017	009	207.90720	+0.41231	0.48712		11690.68		193.76		18.1269
000000000099	008	348.63241	-0.09133	0.52143		08142.40		195.66		17.6439
000000000029	008	191.64419	-0.52284	0.46810		02449.91		245.07		16.0974
000000000286	008	322.79974	-0.22901	0.58035		04856.50		258.68		16.9507
000000000297	008	209.96182	-0.66646	0.59249		07766.43		276.29		17.5583
000000000128	008	321.57106	-0.06378	0.52584		07328.71		135.77		17.5052
000000000221	008	207.86762	-0.20623	0.54709		04622.48		235.10		16.8975
000000000088	008	186.20297	-0.66978	0.51471		10905.53		103.24		18.0268
000000000008	008	218.96405	+0.24385	0.44928		04014.30		360.93		16.7474
000000000190	008	220.17283	-0.65586	0.56226		06247.27		239.86		17.2848
000000000182	008	321.81452	-1.10156	0.56587		11232.38		246.99		18.0480
000000000199	008	202.21956	-0.37202	0.56683		06287.38		181.73		17.2916
000000000232	007	326.42632	-0.49574	0.57540		08983.31		186.93		17.7537
000000000226	007	220.01721	-0.47205	0.56021		04712.95		113.00		16.9183
000000000261	007	223.70089	-0.46043	0.57216		09665.91		182.64		17.8502
000000000023	007	321.68661	-0.40372	0.46934		05829.42		213.91		17.2264
000000000015	007	225.82340	+0.23783	0.46110		02946.20		251.09		16.3402
000000000063	007	325.32701	+0.18561	0.49636		07344.81		150.88		17.5181
000000000260	007	221.35327	-0.57874	0.57382		06989.91		195.44		17.4273
000000000009	007	323.24475	-0.08166	0.44801		04992.92		492.83		17.0320
000000000151	007	185.36535	-0.45287	0.53060		07885.22		122.04		17.5989
000000000092	007	210.29985	+0.28428	0.50661		07187.63		117.19		17.4864
000000000019	007	203.54723	-0.75417	0.45396		03278.89		321.31		16.4821
000000000069	007	204.24400	+0.03233	0.48249		05835.25		187.49		17.2232
000000000046	006	199.55282	+0.08707	0.48404		08034.68		109.60		17.6394
000000000057	006	185.59578	-1.16369	0.48826		06195.55		111.60		17.2992
000000000049	006	227.67262	+0.04520	0.47140		04643.51		148.63		16.9294
000000000294	006	218.76562	+0.34397	0.57916		04492.50		187.52		16.8496
000000000162	006	352.08319	-0.38948	0.54677		10218.51		128.00		17.9312
000000000038	006	323.83343	-0.72013	0.46288		04527.95		175.28		16.8995
000000000115	006	321.63551	-0.52198	0.54283		10684.40		158.84		17.9906
000000000106	006	204.21102	-0.36236	0.52120		08185.60		063.81		17.6508
000000000197	006	201.47132	+0.25467	0.53741		04309.88		210.19		16.8096
000000000231	006	211.73354	+0.04309	0.55983		06934.35		173.07		17.4216
000000000212	006	205.62006	-0.67654	0.55469		07445.44		127.78		17.5160
000000000037	006	321.55067	+0.16509	0.46467		02707.36		256.01		16.2288
000000000066	006	226.76913	+0.80748	0.50227		09439.77		096.79		17.8431
000000000121	006	210.18042	+0.16296	0.53933		09429.68		105.81		17.8290
000000000272	006	211.81662	-0.21941	0.56708		03574.57		209.15		16.5558
000000000100	006	222.39969	-0.70638	0.51203		05787.78		212.27		17.2024
000000000279	006	206.93554	-0.01655	0.58565		06859.08		198.88		17.3987
000000000080	006	321.71612	+0.15020	0.50239		07589.98		154.42		17.5588
000000000181	006	222.75334	-0.84796	0.52261		02901.40		179.57		16.2990
000000000267	006	210.76087	-0.44947	0.57650		08549.24		200.16		17.6888
000000000384	006	185.92683	-0.17661	0.66294		04230.05		1525.39		16.7435
000000000349	006	325.70232	+0.30214	0.60889		07324.00		357.63		17.4765
000000000343	006	321.12138	-0.06328	0.60110		03533.30		336.78		16.5293
000000000011	006	211.28732	+0.14181	0.46196		05821.85		271.05		17.2273
000000000347	005	208.80443	+0.17147	0.62013		04218.82		167.06		16.7541
000000000281	005	187.28286	+0.61043	0.57889		08617.48		109.59		17.6983
000000000027	005	207.58088	+0.00641	0.48248		04431.63		139.00		16.8647
000000000013	005	212.48239	-0.44181	0.44535		02394.88		342.67		16.0757
000000000374	005	221.33938	+0.19592	0.66635		03119.72		522.76		16.3457
000000000007	005	186.02142	-0.34645	0.44750		01441.36		386.85		15.4135
000000000031	005	190.67776	-0.44445	0.46294		03553.66		243.62		16.5838
000000000253	005	211.51098	-0.73329	0.56593		06422.90		145.25		17.3197
000000000156	005	206.63373	-0.01778	0.51189		05984.42		141.93		17.2459
000000000101	005	212.50856	-0.26402	0.51522		07908.99		168.08		17.6081
000000000223	005	203.65972	+0.17800	0.54140		04718.10		139.16		16.9261
000000000355	005	224.76955	+0.22211	0.61156		02876.20		407.95		16.2578
000000000036	005	229.67951	-0.29555	0.47738		04933.97		230.82		17.0063
000000000126	005	321.02496	-0.11897	0.51852		06303.85		093.18		17.3114
000000000247	005	205.53343	+0.28483	0.57655		09823.34		102.74		17.8698
000000000362	005	343.68411	-0.00337	0.60965		06030.72		296.19		17.2231
000000000171	005	205.82226	-0.53418	0.52845		07641.38		113.60		17.5587
000000000004	005	204.96369	-0.11227	0.43788		02252.69		517.22		15.9986
000000000165	005	203.29640	-0.38569	0.51456		03970.65		203.75		16.7105
000000000189	005	202.32399	-0.02856	0.54478		04535.29		161.40		16.8735
000000000145	005	207.44679	-0.45804	0.52203		04879.15		161.47		16.9764
000000000268	005	223.67133	+0.26879	0.57174		09200.43		101.68		17.7860
000000000168	005	199.64023	-0.43978	0.53330		07138.59		149.16		17.4684
000000000074	005	219.09523	-0.06684	0.48541		03743.49		053.24		16.6438
000000000177	005	200.04198	+0.04629	0.54170		05317.56		110.60		17.0819
000000000077	005	322.98620	-0.51375	0.49021		04057.66		093.99		16.7471
000000000304	005	211.29460	-0.46014	0.56939		04080.56		129.11		16.7275
000000000055	005	222.50046	+0.09913	0.48174		06291.54		145.41		17.3215
000000000030	005	224.81466	-0.69069	0.47812		02570.23		182.78		16.1564
000000000111	005	228.21830	-0.04624	0.52103		08186.05		130.70		17.6510
000000000109	005	203.64237	+0.34804	0.51514		04847.55		060.86		16.9703
000000000342	005	185.23534	-0.48477	0.60205		07366.82		226.37		17.4863
000000000042	005	226.23786	+0.54558	0.49264		07412.87		136.32		17.5314
000000000325	005	321.90093	+0.13192	0.59381		02348.28		238.58		15.9995
000000000203	005	345.09465	+0.15221	0.55413		08481.39		093.57		17.6859
000000000210	005	346.87645	-0.43169	0.55098		10935.31		168.04		18.0181
000000000002	005	188.29580	+0.31045	0.44453		04710.30		285.60		16.9573
000000000045	005	327.86360	+0.24184	0.47307		04712.21		152.07		16.9479
000000000142	005	343.37778	-0.46616	0.53115		02512.01		047.57		16.1084
000000000307	005	220.17441	-0.34665	0.62720		11378.15		334.89		18.0444
000000000152	005	185.95545	+0.26408	0.53637		05346.79		155.52		17.0908
000000000001	005	218.47224	-0.06631	0.42186		05403.57		667.73		17.1442
000000000381	004	227.16778	-0.66013	0.65654		04093.02		286.78		16.7027
000000000198	004	321.64203	-0.21091	0.54671		05136.91		104.36		17.0351
000000000380	004	205.91368	-0.29457	0.64480		05261.56		214.18		17.0337
000000000200	004	349.36719	+0.29842	0.52701		06971.16		123.49		17.4396
000000000089	004	190.30581	-0.81183	0.47811		04384.52		160.54		16.8523
000000000196	004	210.46042	-0.25303	0.53179		06823.66		131.15		17.4101
000000000185	004	205.48791	+0.37861	0.53127		03603.37		116.97		16.5784
000000000020	004	326.09355	-0.33661	0.45713		02283.01		232.86		16.0093
000000000123	004	322.37588	+0.18494	0.50523		05669.01		091.79		17.1777
000000000248	004	344.63399	-0.10563	0.54494		05459.26		117.26		17.1150
000000000364	004	219.45542	-0.28605	0.61467		03501.00		259.84		16.5129
000000000383	004	204.85719	-0.56345	0.65804		05171.06		346.78		17.0068
000000000087	004	190.43579	+0.33011	0.49679		06862.15		077.00		17.4294
000000000201	004	219.63435	-0.94463	0.53179		06415.92		148.17		17.3299
000000000187	004	227.04381	+0.25378	0.54328		04259.10		119.18		16.7921
000000000122	004	322.30334	-0.07439	0.50580		03416.15		097.81		16.5176
000000000238	004	187.53594	-0.18842	0.53982		01010.63		119.58		14.9191
000000000112	004	321.48816	-0.52812	0.49580		04830.65		062.65		16.9724
000000000093	004	187.12949	+0.21666	0.48247		05835.03		108.02		17.2231
000000000224	004	205.79873	+0.04807	0.53727		04175.82		105.67		16.7684
000000000012	004	185.33525	+0.25352	0.44295		03362.18		322.65		16.5186
000000000110	004	227.55094	+0.11486	0.48925		03484.61		164.34		16.5491
000000000373	004	326.71200	-0.49390	0.65045		05151.83		328.72		17.0044
000000000108	004	205.42005	+0.30365	0.50165		03032.54		057.10		16.3638
000000000376	004	188.75142	+0.17996	0.64864		04186.21		267.23		16.7346
000000000183	004	205.68055	-0.22805	0.52052		03158.36		101.84		16.4103
000000000107	004	228.37462	-0.57448	0.50309		03291.14		132.15		16.4699
000000000237	004	218.62046	+0.02638	0.55494		04584.98		113.82		16.8843
000000000205	004	326.04855	-0.46321	0.55045		04108.57		102.69		16.7428
000000000097	004	203.48030	-0.63069	0.49528		05417.09		143.32		17.1219
000000000214	004	223.83308	-0.63888	0.53882		03004.71		163.96		16.3391
000000000096	004	224.48510	+0.32099	0.48213		02558.62		086.81		16.1491
000000000227	004	348.28349	-0.78123	0.54680		06224.96		122.97		17.2854
000000000014	004	185.50768	-0.55048	0.44255		02053.23		295.89		15.8762
000000000006	004	187.86137	-0.64243	0.44045		00423.91		283.48		13.8214
000000000229	004	199.84128	+0.45135	0.53567		04468.21		148.08		16.8572
000000000379	004	218.90090	-0.72059	0.65298		02541.27		466.05		16.0829
000000000230	004	206.89731	+0.25357	0.53278		04480.45		107.26		16.8617
000000000124	004	199.64038	-0.81619	0.51109		05258.00		114.53		17.0776
000000000085	004	321.49349	-0.17238	0.49325		05669.87		078.17		17.1820
000000000169	004	345.51608	+0.30791	0.54818		03734.54		160.17		16.6192
000000000336	004	211.64464	-0.49612	0.59736		06557.81		178.94		17.3363
000000000050	004	202.25754	-0.08603	0.48015		02280.29		135.88		15.9998
000000000311	004	205.64773	+0.17412	0.58818		06455.99		194.97		17.3190
000000000309	004	205.46368	-0.51457	0.60013		03338.88		225.33		16.4559
000000000344	004	224.07129	-0.05378	0.60789		04740.02		132.61		16.9099
000000000154	004	199.87558	-0.02483	0.51810		06437.75		141.99		17.3390
000000000153	004	227.86309	-0.11759	0.52019		01312.31		130.83		15.2661
000000000302	004	219.62721	-0.46080	0.57239		04156.95		172.93		16.7507
000000000301	004	221.79889	-0.02854	0.57137		07681.17		108.87		17.5510
000000000252	004	343.71364	-0.72069	0.55942		03744.78		087.69		16.6190
000000000056	004	185.82286	-0.75933	0.48649		04057.38		128.81		16.7483
000000000295	004	323.80605	+0.22169	0.58118		08309.45		176.15		17.6501
000000000315	004	210.38811	+0.40029	0.56581		02339.38		223.60		16.0039
000000000317	004	206.29802	+0.65890	0.57106		02410.92		184.34		16.0414
000000000139	004	203.83075	+0.35074	0.52339		06189.47		113.61		17.2859
000000000329	004	205.39060	-0.69300	0.61400		04085.48		090.74		16.7142
000000000328	004	350.92130	+0.15727	0.59508		04432.96		200.79		16.8269
000000000316	004	204.81885	-0.24354	0.59294		07965.09		186.51		17.5911
000000000326	004	199.68160	+0.11662	0.60030		03487.10		203.21		16.5125
000000000327	004	320.83669	-0.27582	0.58622		04686.92		206.37		16.9024
000000000322	004	321.01571	-0.61002	0.59084		06444.36		136.67		17.3157
000000000047	004	221.34714	+0.09924	0.48132		07354.83		142.80		17.5251
000000000048	004	200.81884	-0.23904	0.47440		03081.77		095.58		16.3942
000000000044	004	186.33776	-0.18926	0.46737		04439.44		193.88		16.8722
000000000135	004	190.56409	+0.38084	0.52771		07102.08		071.18		17.4636
000000000345	004	207.00007	-0.15155	0.60704		07064.82		183.57		17.4301
000000000289	004	205.84575	+0.30838	0.58798		07987.20		089.97		17.5963
000000000275	004	219.13137	-0.18632	0.58825		09621.92		172.05		17.8389
000000000273	004	345.94103	+0.15249	0.58011		05973.56		097.64		17.2205
000000000130	004	212.61175	+0.23535	0.50451		04172.01		093.97		16.7784
000000000071	004	344.86405	+0.00285	0.47131		03180.16		112.65		16.4362
000000000264	004	206.08161	-0.04181	0.56467		02572.55		169.94		16.1281
000000000076	004	208.00727	-0.38019	0.48820		04928.06		071.53		17.0010
000000000022	004	203.95192	-0.02117	0.45125		04403.86		155.23		16.8673
000000000360	004	218.03783	-0.78346	0.61565		03978.81		231.53		16.6792
000000000081	004	190.50430	+0.53629	0.49736		01019.06		111.78		14.9445
000000000262	004	322.55387	+0.12736	0.56770		08113.35		120.04		17.6235
000000000354	004	197.99574	-0.55910	0.59870		03047.52		237.81		16.3374
000000000072	004	347.01565	-0.48685	0.50600		04146.20		117.05		16.7698
000000000003	004	205.61156	+0.37856	0.45381		05760.39		254.55		17.2163
000000000280	004	208.65881	-0.07767	0.58346		03257.55		136.61		16.4293
000000000026	004	210.63923	-0.51796	0.45886		00901.30		121.01		14.7978
000000000163	004	199.20888	+0.27064	0.52132		03073.98		063.24		16.3747
000000000120	003	343.85789	-0.07116	0.49900		01071.68		105.07		15.0095
000000000136	003	323.74201	-0.95544	0.50832		04950.97		088.73		17.0002
000000000133	003	203.89909	+0.26635	0.51445		02450.89		079.43		16.0820
000000000127	003	189.01366	-0.06724	0.51029		02424.72		066.86		16.0694
000000000117	003	186.17219	-0.17098	0.49498		04201.23		035.25		16.7908
000000000141	003	186.48297	-0.61719	0.51004		01740.28		071.11		15.6374
000000000140	003	188.71861	-0.45336	0.50162		06316.05		077.07		17.3197
000000000137	003	189.10199	+0.15200	0.51164		02336.08		103.78		16.0204
000000000138	003	227.61341	-0.56969	0.51436		03035.82		081.81		16.3609
000000000118	003	204.14196	-1.11466	0.50034		02070.76		071.54		15.8672
000000000005	003	188.66185	-0.31184	0.43557		02900.10		401.69		16.3286
000000000132	003	324.64928	+0.55975	0.50610		07737.38		097.22		17.5826
000000000134	003	205.12742	-0.64271	0.50251		01581.08		122.27		15.5149
000000000131	003	224.65280	+0.65611	0.50523		03606.20		096.35		16.5883
000000000129	003	203.84051	-0.79295	0.50917		02221.31		079.24		15.9556
000000000119	003	204.24747	-0.23269	0.49167		03670.05		118.10		16.6158
000000000125	003	322.25139	+0.42727	0.50028		04243.50		108.54		16.8020
000000000091	003	220.79597	-0.57267	0.48840		04839.61		126.84		16.9774
000000000114	003	227.94611	-0.64618	0.49038		03589.72		075.08		16.5874
000000000061	003	191.61258	-0.34843	0.46235		04227.71		141.45		16.8103
000000000062	003	325.73022	-0.29739	0.48211		01980.13		136.69		15.8152
000000000060	003	185.70297	+0.13118	0.47233		03287.15		057.31		16.4790
000000000065	003	211.64936	-0.19282	0.48068		04362.25		105.86		16.8447
000000000064	003	226.01692	-0.76237	0.47342		03803.11		100.30		16.6685
000000000067	003	204.38619	+0.05916	0.47645		01527.63		062.14		15.4791
000000000068	003	323.28357	+0.39339	0.46817		03167.29		074.19		16.4320
000000000028	003	225.96773	-0.20393	0.47413		02490.43		093.88		16.1167
000000000070	003	321.26089	-0.13250	0.48771		03719.14		054.35		16.6345
000000000058	003	224.97799	+0.49638	0.47112		02402.89		139.14		16.0711
000000000059	003	351.32677	-0.34587	0.47369		02522.47		085.47		16.1335
000000000053	003	342.73718	-0.80382	0.46601		01478.62		128.76		15.4403
000000000034	003	185.76253	+0.00183	0.45710		04560.51		202.42		16.9108
000000000033	003	314.67746	-0.48620	0.46057		02228.13		174.28		15.9764
000000000054	003	212.73668	-0.58742	0.47272		01830.82		116.44		15.7163
000000000041	003	326.97250	-0.51629	0.46295		01136.43		143.19		15.0984
000000000039	003	225.43591	-0.28020	0.46807		01531.81		169.16		15.4856
000000000051	003	187.75554	+0.59177	0.47879		03932.99		120.07		16.7104
000000000052	003	207.81227	-0.68003	0.48207		00801.24		096.66		14.6364
000000000043	003	224.78152	-0.47276	0.46064		03064.98		153.45		16.3918
000000000116	003	350.30916	+0.44498	0.50516		05787.25		109.79		17.2046
000000000025	003	201.12588	-0.54111	0.43647		01535.38		209.48		15.4997
000000000075	003	190.61713	+0.07313	0.47655		01220.26		094.19		15.1864
000000000016	003	327.32998	-0.17966	0.45387		01404.77		098.40		15.3777
000000000098	003	325.40310	+0.44290	0.50486		02368.57		078.95		16.0407
000000000095	003	185.38566	-1.10189	0.49010		05231.32		093.93		17.0782
000000000104	003	191.04288	+0.63348	0.49314		03125.53		117.16		16.4061
000000000103	003	207.15726	-0.32371	0.50954		03264.16		114.57		16.4570
000000000010	003	221.61949	-0.71117	0.43888		02472.53		362.96		16.1196
000000000113	003	209.80058	-0.46935	0.48922		03231.53		133.39		16.4509
000000000105	003	185.91974	-0.69423	0.49207		02406.89		026.55		16.0660
000000000073	003	314.30919	-0.65693	0.48236		02486.44		115.45		16.1118
000000000018	003	219.46542	-0.26691	0.43970		01692.78		119.43		15.6257
000000000094	003	204.58781	+0.27378	0.49665		01629.89		107.88		15.5566
000000000021	003	324.01291	-0.34595	0.44675		03244.50		143.22		16.4709
000000000078	003	203.51035	+0.31340	0.47329		02932.93		144.36		16.3301
000000000024	003	205.20399	-1.03138	0.44685		02737.04		190.99		16.2492
000000000090	003	213.51348	+0.79889	0.48964		04368.84		095.86		16.8436
000000000082	003	213.18494	+0.57359	0.49202		01893.24		098.12		15.7533
000000000079	003	224.60595	-0.11975	0.48191		02021.64		087.82		15.8423
000000000084	003	202.75879	-0.49315	0.49127		03130.37		068.37		16.4087
000000000086	003	206.87321	+0.55687	0.48775		01640.78		101.93		15.5683
000000000083	003	314.36804	+0.32113	0.48142		05316.16		093.51		17.1021
000000000143	003	323.98865	-1.07147	0.51407		02985.70		081.25		16.3393
000000000195	003	206.64527	-0.28712	0.53955		07581.98		062.04		17.5448
000000000146	003	345.13143	-0.07606	0.51142		00235.24		048.98		13.0296
000000000319	003	207.57781	-0.04351	0.57564		02811.63		156.98		16.2402
000000000320	003	187.73451	-0.48765	0.59231		06602.82		161.08		17.3469
000000000314	003	212.60033	-0.45120	0.58317		04772.06		068.56		16.9269
000000000318	003	343.12633	-0.88944	0.56995		01889.86		127.62		15.7245
000000000312	003	210.42266	-0.56217	0.56310		02907.72		169.68		16.2882
000000000313	003	203.58147	+0.32852	0.57236		01898.32		146.19		15.7295
000000000310	003	205.03118	+0.56386	0.56808		02393.53		176.86		16.0329
000000000321	003	219.29873	-0.45372	0.57873		04850.49		113.81		16.9496
000000000324	003	347.80067	-0.31739	0.57839		07865.63		159.40		17.5796
000000000334	003	229.02692	+0.30068	0.57958		05295.70		182.93		17.0637
000000000323	003	202.08273	+0.33635	0.58621		03254.82		148.41		16.4273
000000000332	003	206.71018	-0.56477	0.60194		04124.09		157.28		16.7305
000000000333	003	227.75021	-0.10484	0.58939		05866.24		156.10		17.1938
000000000330	003	326.40643	-0.25197	0.60046		03800.10		161.39		16.6244
000000000331	003	189.65436	-0.33454	0.58741		08154.06		121.96		17.6235
000000000335	003	202.39006	-0.59949	0.59619		05281.91		090.79		17.0548
000000000308	003	206.63240	-0.41834	0.57807		04044.68		134.19		16.7131
000000000305	003	349.51201	-0.10689	0.58247		00847.25		111.47		14.6750
000000000287	003	189.90296	-0.45503	0.57939		01523.97		131.98		15.4410
000000000288	003	209.21777	-0.50195	0.56498		07101.75		113.76		17.4510
000000000283	003	218.92984	+0.09594	0.55809		05094.83		126.15		17.0206
000000000285	003	187.62685	+0.10576	0.55561		07408.80		114.42		17.5093
000000000278	003	204.72691	-0.67030	0.57004		02776.43		090.88		16.2256
000000000282	003	222.48780	-0.50871	0.56164		02429.21		049.56		16.0544
000000000306	003	323.78123	-0.59316	0.56261		04284.96		137.85		16.7935
000000000290	003	348.89550	-0.14072	0.57906		03985.49		096.33		16.6936
000000000292	003	199.43693	-1.12134	0.55822		03502.10		131.18		16.5321
000000000303	003	218.12334	+0.03323	0.56646		05782.69		022.39		17.1828
000000000291	003	207.37677	+0.58925	0.56149		06638.77		084.11		17.3643
000000000298	003	210.56661	-0.57770	0.58376		01964.25		157.57		15.7702
000000000299	003	205.92280	+0.03577	0.56308		06798.49		137.41		17.3947
000000000293	003	218.22019	+0.39826	0.57727		04470.90		102.32		16.8439
000000000296	003	186.95954	+0.00387	0.56317		05205.90		060.70		17.0470
000000000277	003	223.10004	+0.15820	0.56800		05936.32		094.67		17.2164
000000000337	003	219.71798	-0.09236	0.58447		04595.74		064.39		16.8774
000000000339	003	186.62433	+0.27357	0.58867		04638.14		155.22		16.8880
000000000375	003	213.10470	-0.89897	0.64525		05491.51		163.05		17.0893
000000000377	003	229.38992	-0.38070	0.62992		07224.69		214.01		17.4517
000000000371	003	220.82993	-0.11371	0.63640		02998.52		258.90		16.3039
000000000372	003	222.82102	+0.26945	0.61819		02165.42		262.06		15.8858
000000000369	003	225.90887	+0.45673	0.61166		03754.67		217.12		16.6050
000000000370	003	224.84175	-0.64776	0.62816		03004.88		179.16		16.3093
000000000368	003	227.39054	-0.30496	0.61293		05337.08		198.42		17.0628
000000000378	003	229.95909	-0.73117	0.61925		03206.50		431941.82		16.3969
000000000385	003	349.00464	-0.12329	0.66500		02189.97		310.08		15.8851
000000000390	003	314.24278	+0.10627	0.67916		03009.18		835.82		16.2946
000000000382	003	204.37847	-0.65614	0.63366		03460.96		288.95		16.4916
000000000388	003	213.84676	-0.64951	0.67091		03279.68		780.95		16.4094
000000000389	003	206.25506	-0.68022	0.68761		02917.58		617.43		16.2516
000000000386	003	323.81470	-0.22286	0.66838		08460.68		338.49		17.6449
000000000387	003	202.70026	-0.06257	0.64999		04242.98		365.13		16.7517
000000000338	003	213.46634	-0.02872	0.59854		04902.65		136.23		16.9569
000000000367	003	210.26666	-0.78167	0.60933		01852.70		227.72		15.6855
000000000365	003	213.51897	-0.53752	0.62522		04717.50		053.86		16.8980
000000000350	003	197.78008	-0.81517	0.60866		02205.62		151.87		15.9129
000000000351	003	208.36597	-0.64276	0.62092		05838.88		168.00		17.1772
000000000346	003	223.02762	-0.40371	0.61545		02814.71		173.88		16.2283
000000000348	003	207.07432	-1.09781	0.59901		05020.89		167.32		16.9878
000000000340	003	325.52131	+0.12381	0.58331		05561.88		135.89		17.1264
000000000341	003	320.42961	+0.61016	0.59011		03575.36		164.47		16.5484
000000000366	003	325.33287	-0.45232	0.62337		01895.88		174.11		15.7109
000000000352	003	342.33880	-0.21561	0.60268		02340.03		187.87		15.9919
000000000356	003	325.51157	-0.23790	0.63074		03036.87		143.97		16.3223
000000000363	003	223.86953	-0.16633	0.62034		07366.93		193.77		17.4803
000000000353	003	209.01760	-0.41694	0.60584		02403.68		186.74		16.0258
000000000359	003	213.25711	-0.78533	0.60734		04139.78		252.68		16.7337
000000000361	003	219.91481	+0.54296	0.61342		06062.72		258.20		17.2287
000000000357	003	229.21522	-0.05372	0.59739		00927.96		225.37		14.7886
000000000358	003	205.10559	+0.64750	0.60941		03652.79		180.44		16.5699
000000000144	003	206.60813	+0.09526	0.49494		04473.01		084.77		16.8725
000000000276	003	319.94828	-0.97277	0.56492		04761.02		077.85		16.9300
000000000271	003	205.89554	-0.89802	0.54859		05269.48		083.58		17.0677
000000000184	003	187.28387	-1.14139	0.52064		03123.12		111.29		16.3956
000000000186	003	201.93117	+0.03192	0.53675		00691.58		072.06		14.4259
000000000179	003	207.24478	+0.04683	0.52489		03685.71		129.00		16.6100
000000000180	003	224.91750	-0.31515	0.53771		00897.44		071.95		14.7651
000000000176	003	351.44572	-0.18057	0.51232		05148.76		051.47		17.0498
000000000178	003	199.68862	+0.12265	0.51474		03962.78		073.81		16.7079
000000000175	003	345.15378	-0.57890	0.51254		06464.61		105.03		17.3463
000000000188	003	321.39098	+0.51180	0.52342		05530.38		126.31		17.1392
000000000192	003	188.09911	+0.23508	0.54624		06811.54		071.21		17.4029
000000000207	003	327.14668	-0.06330	0.53036		08868.03		067.01		17.7520
000000000191	003	314.23304	+0.59119	0.51745		04950.85		131.17		16.9970
000000000202	003	321.87224	-0.28432	0.53529		02196.52		070.34		15.9321
000000000206	003	219.08141	+0.15469	0.53327		03072.04		089.99		16.3699
000000000193	003	199.70741	-1.07672	0.53120		03843.66		111.69		16.6625
000000000194	003	199.81831	+0.31244	0.54232		08638.97		105.86		17.7139
000000000208	003	320.47166	-0.35630	0.54649		05286.46		126.77		17.0726
000000000174	003	208.24731	+0.37177	0.51030		07176.19		071.28		17.4831
000000000172	003	204.88908	+0.39281	0.51846		07488.78		080.76		17.5359
000000000155	003	186.56468	-0.59159	0.51073		03706.15		082.71		16.6220
000000000157	003	313.56213	-0.74162	0.50892		05115.22		129.36		17.0425
000000000149	003	211.99230	-0.49573	0.52244		02122.99		088.02		15.8921
000000000150	003	198.16082	-0.18669	0.50853		03774.86		093.15		16.6467
000000000147	003	228.97822	+0.18188	0.50800		02858.60		081.36		16.2847
000000000148	003	209.88184	+0.07628	0.49903		03983.87		078.41		16.7202
000000000173	003	224.67073	+0.05757	0.52447		03842.88		019.27		16.6645
000000000158	003	223.52199	-0.32419	0.50356		04631.47		077.21		16.9149
000000000160	003	207.39680	+0.24614	0.51048		05264.16		027.49		17.0793
000000000170	003	210.14463	-0.68093	0.53165		02812.64		073.62		16.2555
000000000159	003	223.86704	+0.05495	0.51417		01075.89		131.22		15.0094
000000000166	003	351.27999	-1.04680	0.50359		03785.99		091.15		16.6523
000000000167	003	220.27324	+0.61358	0.51021		02863.86		119.98		16.2863
000000000161	003	226.14686	-0.16284	0.51158		02594.23		064.91		16.1570
000000000164	003	198.58365	-0.85768	0.50873		06547.49		120.14		17.3642
000000000274	003	213.52335	-0.27633	0.57159		01616.11		037.05		15.5201
000000000209	003	224.13130	+0.64889	0.52823		03968.09		050.32		16.7050
000000000213	003	224.51180	+0.21605	0.53080		05322.22		112.42		17.0867
000000000255	003	221.97470	-0.93504	0.54361		03350.20		102.74		16.4793
000000000256	003	209.37365	-0.47444	0.52915		01920.01		125.75		15.7589
000000000251	003	207.61257	-0.48334	0.53496		06950.59		038.75		17.4331
000000000254	003	207.25491	-0.28802	0.53822		04047.57		091.50		16.7275
000000000245	003	185.68510	+0.41051	0.54433		06276.00		078.83		17.2969
000000000250	003	206.29357	-0.72100	0.54343		03899.34		054.69		16.6771
000000000243	003	323.70924	-0.69597	0.53525		03660.44		132.84		16.5975
000000000257	003	351.05211	-0.19708	0.54187		05003.09		043.16		17.0024
000000000259	003	222.05332	+0.22870	0.53931		03459.50		052.11		16.5226
000000000270	003	351.14691	+0.33189	0.56706		04689.84		158.06		16.9096
000000000258	003	224.53778	+0.31571	0.53659		04668.67		126.65		16.9140
000000000266	003	320.76419	-0.02214	0.56267		00986.12		086.24		14.8794
000000000269	003	219.75537	-0.53295	0.54665		04380.51		082.00		16.8276
000000000263	003	207.79316	-0.69013	0.56023		03572.12		112.95		16.5572
000000000265	003	208.99811	-0.13402	0.55671		06128.23		088.25		17.2617
000000000211	003	351.96120	-0.81297	0.53334		04909.24		115.41		16.9806
000000000242	003	203.55456	-1.06103	0.54574		02202.08		042.75		15.9319
000000000240	003	328.11279	-0.76510	0.55340		07159.49		104.11		17.4654
000000000219	003	190.46638	-0.05255	0.53779		03236.04		071.22		16.4361
000000000220	003	190.55132	-0.50399	0.55696		03796.10		108.89		16.6376
000000000217	003	207.33726	-0.71796	0.53300		03250.82		079.51		16.4436
000000000218	003	210.08835	+0.58956	0.54829		06315.37		121.27		17.3037
000000000215	003	192.78469	+0.26047	0.53481		03559.93		083.54		16.5614
000000000216	003	219.31897	-0.71715	0.54175		02272.71		081.66		15.9743
000000000241	003	202.58374	+0.32461	0.53765		02895.87		117.55		16.2914
000000000222	003	322.20734	-0.47438	0.53126		06749.47		085.44		17.3961
000000000228	003	220.37832	-0.90424	0.55267		04629.39		082.23		16.8976
000000000239	003	226.38312	+0.27886	0.55208		01686.73		068.16		15.5823
000000000225	003	186.84391	-0.74988	0.53275		03744.93		073.12		16.6281
000000000235	003	348.86888	-0.57842	0.55239		02820.84		096.26		16.2522
000000000236	003	320.00451	-0.28267	0.54478		04583.06		105.45		16.8871
000000000233	003	321.76472	-0.13723	0.53190		04988.43		124.67		17.0019
000000000234	003	218.91346	-0.95017	0.54632		04556.80		028.39		16.8791
000000000391	003	190.47656	+0.39079	0.67462		00326.12		965.25		13.4008
