#C_ID		Rich	RA		Dec		z		Sigma (km/s)		Size (arcsec)	log Mass (M_solar)
000000000075	012	158.90119	-0.04465	0.52491		09852.04		184.00		17.8910
000000000025	011	152.86640	+0.03501	0.48062		05029.37		264.55		17.0302
000000000195	011	161.26504	-0.29485	0.60439		08537.28		377.41		17.6777
000000000055	010	150.24628	+0.15789	0.51142		07857.08		218.59		17.6008
000000000143	009	140.60015	+0.07991	0.57541		06502.91		290.91		17.3327
000000000050	009	156.67100	-0.30373	0.49548		04810.54		184.53		16.9671
000000000128	009	151.92988	+0.04383	0.57738		13075.64		238.27		18.2421
000000000031	008	142.16670	+0.06873	0.49345		05801.32		103.11		17.2118
000000000160	008	034.95841	-0.12777	0.58312		04030.84		330.61		16.7070
000000000146	007	152.24002	-0.03854	0.55784		05617.78		208.93		17.1480
000000000229	007	012.91291	-0.87373	0.63442		06822.82		438.01		17.3757
000000000094	007	185.36535	-0.45287	0.53060		07885.22		122.04		17.5989
000000000096	007	010.29377	+0.17715	0.53250		05658.48		136.09		17.1659
000000000089	006	155.58682	-0.14792	0.52171		08555.87		170.49		17.7083
000000000193	006	142.63102	+0.40415	0.60269		04896.23		379.49		16.9539
000000000182	006	161.89106	-0.38662	0.60826		08300.03		152.59		17.6397
000000000189	006	013.89752	-0.55325	0.59432		05517.87		311.99		17.1124
000000000093	006	138.33886	-0.62235	0.52048		04926.48		165.93		16.9895
000000000178	006	140.72180	+0.40223	0.58097		06466.88		254.37		17.3236
000000000010	006	150.78095	+0.49847	0.46497		07767.47		141.99		17.6019
000000000162	006	152.13804	-0.44009	0.58593		09445.53		174.43		17.8155
000000000002	006	185.23031	+0.24841	0.43716		04203.71		563.84		16.8117
000000000226	006	137.91698	-0.54949	0.62907		05517.63		369.12		17.1008
000000000066	006	153.31189	-0.25993	0.53275		07779.76		250.24		17.5807
000000000039	005	155.04515	-0.62483	0.49212		08130.79		157.74		17.6521
000000000185	005	151.66885	-0.91451	0.56834		04513.14		217.48		16.8592
000000000000	005	011.84818	-0.38592	0.44354		04630.51		564.74		16.9354
000000000139	005	167.36640	+0.22737	0.54794		05055.98		137.38		17.0140
000000000155	005	156.79880	-0.35694	0.57556		02317.52		206.40		15.9884
000000000098	005	161.83959	+0.09409	0.52785		08165.00		115.67		17.6453
000000000087	005	156.15886	-0.26358	0.53809		10824.18		107.77		18.0091
000000000103	005	156.14918	+0.36199	0.53764		10231.13		123.64		17.9359
000000000108	005	167.75865	-0.61804	0.51053		04973.72		183.28		17.0054
000000000156	005	155.31728	-0.47720	0.57205		08332.65		054.17		17.6568
000000000079	005	156.42445	-0.27941	0.51105		05862.68		155.00		17.2194
000000000114	005	150.82674	-0.50299	0.54423		03017.98		154.86		16.3430
000000000073	005	151.60612	-0.24385	0.50908		05423.81		110.19		17.1187
000000000069	005	162.10966	-0.83864	0.51169		06415.84		095.77		17.3367
000000000061	005	014.35539	+0.14013	0.51216		04755.71		119.26		16.9464
000000000078	005	162.15414	+0.22979	0.50370		04761.63		071.96		16.9509
000000000030	005	185.59051	-1.17271	0.48299		05575.94		098.60		17.1638
000000000201	005	141.61181	+0.52081	0.58244		06741.12		178.72		17.3772
000000000091	005	154.91231	+0.36042	0.53731		09852.94		118.60		17.8869
000000000012	005	158.33215	+0.63510	0.46726		04896.64		226.43		17.0000
000000000212	005	033.77412	+0.07027	0.61991		03101.62		343.99		16.3533
000000000023	005	152.67012	-0.46252	0.48788		04769.10		118.81		16.9584
000000000008	005	013.75442	+0.42130	0.46275		03281.17		285.04		16.4799
000000000022	005	151.96892	-0.01093	0.47952		05226.73		101.39		17.0807
000000000209	005	185.23534	-0.48477	0.60205		07366.82		226.37		17.4863
000000000237	005	161.87559	+0.54857	0.67074		05287.49		839.88		17.0317
000000000011	005	123.96032	+0.28260	0.46967		04757.09		202.29		16.9614
000000000018	005	157.55455	+0.30400	0.47083		04563.14		142.14		16.9068
000000000136	004	150.67004	+0.20465	0.55024		07351.88		058.60		17.5010
000000000152	004	152.28629	-0.39793	0.55219		05207.85		144.18		17.0511
000000000111	004	155.14007	+0.10494	0.53174		05111.43		116.56		17.0337
000000000154	004	151.37879	+0.38553	0.55056		03827.34		172.10		16.6504
000000000109	004	163.47580	-0.08896	0.52552		02910.10		146.78		16.3019
000000000007	004	185.50768	-0.55048	0.44255		02053.23		295.89		15.8762
000000000234	004	010.28108	-0.08947	0.62844		05221.13		363.63		17.0291
000000000081	004	162.60363	-0.79461	0.49763		05746.38		048.11		17.1979
000000000123	004	166.33037	-0.96349	0.54915		07399.18		112.14		17.5097
000000000082	004	164.02202	-0.31188	0.50452		03237.47		139.69		16.4480
000000000161	004	162.74062	-0.40457	0.57990		07299.58		154.93		17.4818
000000000158	004	151.01506	-0.40821	0.55971		04167.48		132.73		16.7583
000000000135	004	123.14935	-0.25844	0.53120		07032.47		111.13		17.4496
000000000149	004	010.65989	-0.65985	0.54851		05758.53		118.52		17.1833
000000000218	004	142.03535	-0.36353	0.60166		01494.82		165.15		15.4084
000000000067	004	150.55760	+0.18694	0.50105		06551.88		129.93		17.3677
000000000137	004	162.53442	+0.01397	0.55431		04804.32		117.68		16.9454
000000000138	004	034.96757	+0.35729	0.54266		05185.78		115.89		17.0488
000000000119	004	150.46614	-0.84896	0.54243		03316.82		185.47		16.4666
000000000230	004	163.06547	+0.55055	0.64710		04762.04		204.97		16.9030
000000000013	004	166.27970	-0.08030	0.45613		03768.00		189.61		16.6625
000000000076	004	139.42749	+0.29326	0.51686		08239.63		129.82		17.6609
000000000017	004	036.57694	+0.01892	0.46186		04592.52		145.38		16.9183
000000000065	004	015.13155	+0.23300	0.51578		06297.38		087.08		17.3110
000000000122	004	010.36092	-0.92693	0.53213		03341.30		134.49		16.4797
000000000057	004	140.25410	-0.77532	0.49858		06220.45		100.39		17.3009
000000000132	004	037.84521	-0.16965	0.54933		06227.78		124.97		17.2851
000000000199	004	034.67233	-0.19948	0.58190		05604.68		189.14		17.1368
000000000214	004	013.97572	-0.12466	0.58556		05277.35		201.03		17.0572
000000000165	004	167.49755	+0.78115	0.56023		04034.95		138.60		16.7160
000000000024	004	152.40247	-0.55564	0.47057		01746.92		131.70		15.6559
000000000036	004	151.18896	-0.65166	0.48618		05409.54		110.51		17.1232
000000000187	004	163.12837	+0.76578	0.54700		04787.64		180.51		16.9433
000000000035	004	156.05545	-0.40356	0.50176		05788.56		125.03		17.2061
000000000207	004	155.62418	-0.40610	0.60275		09377.24		232.70		17.8005
000000000163	004	009.51327	+0.45906	0.56477		09823.51		175.40		17.8737
000000000191	004	010.60545	+0.15457	0.57536		05297.85		151.46		17.0657
000000000206	004	150.96114	-0.80417	0.57568		06725.41		164.77		17.3764
000000000204	004	011.55961	-0.53253	0.60427		06678.76		170.87		17.3578
000000000026	004	010.33699	-0.31874	0.48666		02405.09		121.49		16.0669
000000000090	004	033.35437	+0.06992	0.52730		05914.92		127.17		17.2255
000000000240	004	150.67022	-0.72945	0.67142		02512.33		631.18		16.0620
000000000033	004	010.08826	-0.97897	0.47685		05885.60		144.63		17.2363
000000000181	004	036.31335	-0.73633	0.57450		06423.08		138.05		17.3169
000000000088	004	150.96173	-0.11475	0.49113		07079.13		127.67		17.4719
000000000071	004	150.51312	-0.11065	0.51606		04857.37		060.46		16.9726
000000000044	004	141.19394	-0.08729	0.48620		03815.08		158.09		16.6682
000000000170	004	013.57627	-0.95438	0.57746		04700.69		143.22		16.9092
000000000210	004	150.74168	-0.58235	0.60338		06911.60		246.60		17.4028
000000000176	004	150.11446	-0.06867	0.57479		05467.31		112.98		17.1069
000000000042	004	139.53492	-0.17021	0.49096		02146.41		151.53		15.9172
000000000041	004	150.04781	+0.55533	0.48904		02636.31		097.80		16.1857
000000000166	004	166.52890	+0.41271	0.56193		03883.01		163.68		16.6654
000000000006	004	156.39441	-0.03180	0.46337		03891.73		213.79		16.7020
000000000083	003	138.48391	-0.51483	0.50555		02610.17		084.35		16.1671
000000000003	003	163.56861	-0.23258	0.46232		00986.56		388.25		14.9144
000000000084	003	152.50980	-0.70393	0.50433		04578.07		076.39		16.8995
000000000072	003	139.06582	-0.47519	0.50129		01566.16		114.58		15.5030
000000000085	003	142.20721	-0.04527	0.50503		02819.33		081.52		16.2677
000000000004	003	142.63679	-0.47505	0.42988		02741.89		458.67		16.2575
000000000086	003	012.90233	-0.16680	0.50431		06220.47		112.93		17.2989
000000000074	003	150.45117	-0.75462	0.51036		04006.14		088.71		16.7236
000000000005	003	164.21939	-0.80785	0.43803		04389.31		345.28		16.8676
000000000077	003	160.07227	+0.61462	0.50067		05117.48		081.90		17.0459
000000000080	003	162.24859	-0.35041	0.48591		03867.67		107.69		16.6862
000000000009	003	015.69398	+0.08910	0.44991		02491.48		193.25		16.1257
000000000058	003	010.78296	+0.39146	0.49918		02119.25		083.80		15.8978
000000000068	003	009.51052	-0.09810	0.49964		01499.72		126.16		15.4471
000000000048	003	142.00665	+0.43052	0.49436		02243.18		069.62		15.9735
000000000047	003	152.50861	-0.59530	0.48490		03398.42		038.38		16.5180
000000000046	003	153.00179	-0.02349	0.48706		04654.64		109.86		16.9271
000000000045	003	141.70109	-0.06980	0.48059		02551.98		071.62		16.1463
000000000043	003	011.07662	-0.13290	0.48226		05280.71		045.77		17.0931
000000000021	003	141.25177	-0.86164	0.47610		04059.51		058.56		16.7526
000000000040	003	141.99341	-0.13524	0.50565		00932.42		105.76		14.8258
000000000037	003	162.23022	+0.47018	0.47243		03176.25		106.04		16.4342
000000000034	003	158.85012	-0.41765	0.48508		02107.96		098.40		15.8957
000000000032	003	140.88385	-0.01591	0.47251		01320.92		076.12		15.2911
000000000027	003	012.99198	-0.55068	0.47337		04196.11		084.29		16.7967
000000000029	003	158.68785	-0.24273	0.46721		03042.21		118.39		16.3798
000000000038	003	012.70023	+0.32445	0.47653		04617.06		099.09		16.9201
000000000070	003	161.79066	+0.49616	0.50676		02728.75		114.09		16.2245
000000000052	003	165.96105	-0.84861	0.48985		04940.51		062.32		17.0038
000000000051	003	155.91899	+0.59614	0.49647		01802.82		123.87		15.6880
000000000019	003	152.15443	-0.00397	0.45651		03457.52		163.77		16.5503
000000000014	003	009.74476	-0.52885	0.45295		02207.66		134.40		15.9670
000000000064	003	154.89924	+0.16978	0.50220		02224.98		055.89		15.9602
000000000063	003	015.13644	-0.35280	0.49107		05929.90		140.32		17.2412
000000000015	003	140.34508	-0.52773	0.47148		01551.81		162.93		15.5013
000000000062	003	162.66118	+0.51692	0.48044		02983.71		096.42		16.3500
000000000020	003	160.16736	-0.20680	0.46425		02395.70		115.01		16.0696
000000000016	003	163.64834	-0.65115	0.45669		03794.90		130.78		16.6715
000000000059	003	152.49305	-0.25424	0.49684		03327.90		046.97		16.4865
000000000028	003	156.00056	+0.64993	0.46336		01995.77		062.42		15.8319
000000000056	003	139.25006	-0.20336	0.48609		02592.31		084.79		16.1648
000000000054	003	162.38936	-0.27305	0.48489		07107.82		110.05		17.4794
000000000053	003	166.97570	-0.20142	0.48510		06535.45		100.59		17.3699
000000000060	003	185.38566	-1.10189	0.49010		05231.32		093.93		17.0782
000000000049	003	124.41394	-0.34235	0.48366		02688.96		107.66		16.2133
000000000121	003	151.33811	-0.72805	0.53236		07571.68		043.71		17.5455
000000000095	003	015.18746	-0.10004	0.51670		06974.76		076.02		17.4438
000000000196	003	011.69206	+0.42305	0.58030		04098.57		137.09		16.7296
000000000197	003	155.88696	+0.41162	0.57514		04904.31		123.25		16.9652
000000000194	003	154.99520	-0.53177	0.58304		06254.12		172.55		17.2793
000000000200	003	138.30408	+0.28637	0.58752		01442.25		086.38		15.3664
000000000198	003	162.28529	-0.34928	0.58265		01385.58		161.79		15.3158
000000000203	003	035.05362	-0.65141	0.59861		02730.53		109.74		16.1944
000000000205	003	143.10532	-0.32166	0.60294		05498.45		100.82		17.1049
000000000202	003	034.52849	-0.70876	0.60698		01912.19		144.77		15.7274
000000000208	003	156.86032	-0.08734	0.60047		05739.31		166.66		17.1616
000000000190	003	015.14730	-0.51590	0.58259		05068.95		100.90		17.0057
000000000192	003	140.43655	-0.60927	0.58048		03796.32		083.34		16.6298
000000000186	003	139.70476	-0.25338	0.57830		05373.72		096.55		17.0832
000000000174	003	138.06937	-0.77065	0.55233		00559.94		144.53		14.1456
000000000175	003	010.23733	+0.38839	0.56756		02409.40		106.33		16.0417
000000000188	003	163.98384	-0.53377	0.55507		07680.23		115.29		17.5563
000000000179	003	009.67545	+0.75512	0.57389		06740.31		051.99		17.3799
000000000177	003	156.04619	-0.66227	0.54554		01971.44		113.62		15.7878
000000000183	003	014.63186	-1.15003	0.59185		02620.25		144.82		16.1429
000000000184	003	160.86778	-0.28354	0.56782		04356.17		093.83		16.8132
000000000180	003	161.53009	-1.12725	0.57944		01200.00		106.65		15.1296
000000000173	003	151.54329	+0.54499	0.55177		03946.89		148.71		16.6901
000000000211	003	152.84385	-0.26428	0.59749		07014.96		160.36		17.4241
000000000215	003	143.24250	-0.87202	0.61437		02967.32		131.58		16.2975
000000000232	003	152.09847	+0.29956	0.62627		05051.03		192.23		16.9866
000000000233	003	151.23880	-0.55248	0.62110		06254.60		199.53		17.2668
000000000231	003	141.45286	-0.13766	0.61000		07026.35		205.31		17.4220
000000000236	003	035.18780	-1.01370	0.64216		02813.27		298.86		16.2189
000000000235	003	037.36851	-0.07599	0.65565		02153.74		248.96		15.8664
000000000239	003	033.42983	+0.08033	0.66137		04716.07		232.35		16.8857
000000000241	003	164.25510	+0.56592	0.65785		02152.08		597.15		15.8647
000000000238	003	167.26539	+0.11995	0.65767		03309.61		311.01		16.4255
000000000213	003	010.80564	+0.37456	0.58914		00879.50		174.07		14.7215
000000000227	003	154.40020	-0.17438	0.62156		06653.53		173.37		17.3472
000000000228	003	008.85589	+0.32618	0.61162		05392.47		237.28		17.0767
000000000224	003	153.61850	-0.65096	0.62294		01221.93		148.50		15.1387
000000000216	003	010.87593	-0.31326	0.61749		01747.19		114.66		15.6064
000000000217	003	034.03962	-0.67265	0.58733		08162.77		192.21		17.6249
000000000225	003	141.34637	+0.65580	0.62161		01396.23		199.20		15.3129
000000000220	003	167.04036	+0.26476	0.61664		03962.18		142.53		16.6735
000000000219	003	140.57008	-0.86080	0.60212		02993.89		159.61		16.3132
000000000222	003	009.49164	-0.06624	0.60649		04986.62		180.70		16.9764
000000000223	003	164.37233	-1.02277	0.60972		05584.57		213.06		17.1229
000000000221	003	151.92472	-0.57866	0.61128		03822.78		114.66		16.6286
000000000092	003	161.93354	-0.30477	0.50459		02698.68		088.24		16.2108
000000000172	003	150.56520	-0.71201	0.56599		05041.20		103.91		17.0041
000000000169	003	139.67967	-0.66160	0.55227		04018.74		120.31		16.7134
000000000115	003	035.02127	-0.95413	0.52462		06227.93		114.25		17.2936
000000000116	003	155.32227	-0.87808	0.51772		02097.34		108.79		15.8779
000000000113	003	139.08316	-0.76350	0.51882		04625.91		107.94		16.9081
000000000118	003	161.71350	-0.31909	0.51677		03889.83		145.04		16.6830
000000000117	003	010.54141	-0.42328	0.54449		02449.77		105.61		16.0712
000000000001	003	151.31985	-0.32684	0.42507		05178.51		591.71		17.0876
000000000124	003	035.39102	-0.20749	0.53609		03741.65		055.70		16.6258
000000000120	003	160.80183	+0.37191	0.53147		04948.50		091.96		16.9916
000000000125	003	014.85239	+0.34022	0.53434		06830.53		120.32		17.4106
000000000110	003	163.88217	-0.52691	0.53405		01787.74		056.99		15.6642
000000000112	003	011.51864	+0.18520	0.50092		01721.77		120.91		15.6266
000000000106	003	185.29687	+0.23972	0.52204		04250.57		147.84		16.7967
000000000097	003	161.52246	-0.81226	0.52512		05715.29		111.42		17.1815
000000000099	003	159.51943	-0.02642	0.51802		03187.19		060.79		16.4230
000000000107	003	137.71025	+0.19058	0.52641		04542.06		111.53		16.8817
000000000101	003	010.80449	-0.01478	0.50796		04529.47		097.70		16.8844
000000000100	003	152.54247	-0.09410	0.51666		01842.96		096.23		15.7098
000000000104	003	154.18129	+0.03143	0.50884		05240.40		048.70		17.0740
000000000105	003	150.21054	+0.25581	0.52121		02312.83		097.71		16.0041
000000000102	003	010.58770	-0.01480	0.51201		05050.82		095.62		17.0249
000000000171	003	167.78600	-0.84809	0.55673		07953.14		105.79		17.6013
000000000126	003	151.10650	-0.73042	0.53120		05763.06		068.52		17.1902
000000000129	003	156.33586	-0.63428	0.54361		02364.87		094.47		16.0255
000000000151	003	150.37203	-0.32322	0.56680		03407.88		060.50		16.4937
000000000153	003	150.72470	+0.53858	0.54968		00979.43		118.56		14.8749
000000000150	003	036.73293	+0.27340	0.55095		04483.27		116.74		16.8564
000000000159	003	156.62213	-0.52582	0.56269		01335.72		059.21		15.2748
000000000157	003	156.46365	-0.11959	0.55057		03133.66		116.78		16.3899
000000000167	003	015.67701	-0.36553	0.56201		04221.52		124.60		16.7743
000000000168	003	139.10528	-0.14762	0.55502		03073.93		103.97		16.3633
000000000164	003	012.72943	+0.61485	0.55696		04904.31		089.48		16.9713
000000000127	003	152.72423	-0.67207	0.52716		05224.90		075.91		17.0639
000000000147	003	140.50229	+0.06511	0.53420		02920.78		111.52		16.3038
000000000148	003	037.73870	+0.22760	0.53267		05788.43		065.40		17.1955
000000000144	003	035.45271	-0.27264	0.53853		04103.43		119.61		16.7452
000000000130	003	162.68929	-0.33463	0.54048		02939.29		095.31		16.3099
000000000131	003	011.94891	+0.47940	0.53465		03217.36		106.39		16.4296
000000000145	003	162.72844	-0.52764	0.54393		03394.60		080.41		16.4963
000000000134	003	142.16503	-0.25258	0.53702		05067.82		108.49		17.0208
000000000133	003	014.96872	-0.45242	0.53649		04678.33		105.59		16.9168
000000000141	003	140.08308	+0.49151	0.53873		03650.80		082.68		16.5929
000000000142	003	153.39114	-0.13675	0.53484		02760.57		099.06		16.2300
000000000140	003	015.82873	-0.39682	0.54830		02294.36		111.15		15.9845
000000000242	003	163.63882	+0.08155	0.67237		03117.12		1139.06		16.3427
