#C_ID		C_Rich	C_Mass	G_ID		G_RA		G_DEC		G_z
000000000075	012	17.891	000000004134	158.864070	-0.060905	0.51076
000000000075	012	17.891	000000004594	158.847020	-0.015752	0.49868
000000000075	012	17.891	000000011310	158.897840	-0.049687	0.46911
000000000075	012	17.891	000000005270	158.914720	-0.095922	0.49351
000000000075	012	17.891	000000003526	158.834080	-0.002452	0.51548
000000000075	012	17.891	000000008259	158.870210	-0.037563	0.51201
000000000075	012	17.891	000000004457	158.955130	-0.080127	0.51699
000000000075	012	17.891	000000010925	158.855790	-0.028057	0.55610
000000000075	012	17.891	000000009401	158.968380	-0.049455	0.52610
000000000075	012	17.891	000000007719	158.991330	-0.020300	0.54037
000000000075	012	17.891	000000000628	158.937070	-0.031843	0.59384
000000000075	012	17.891	000000003528	158.878610	-0.063701	0.56601
000000000025	011	17.030	000000001218	152.873740	-0.045250	0.47278
000000000025	011	17.030	000000004276	152.890740	-0.033275	0.47831
000000000025	011	17.030	000000012859	152.861510	-0.038539	0.47025
000000000025	011	17.030	000000000040	152.842680	+0.003067	0.50647
000000000025	011	17.030	000000004729	152.839270	+0.045080	0.49007
000000000025	011	17.030	000000005765	152.887060	-0.075689	0.49321
000000000025	011	17.030	000000005434	152.821150	+0.075310	0.49633
000000000025	011	17.030	000000006088	152.884610	+0.052527	0.47869
000000000025	011	17.030	000000006097	152.834020	+0.128423	0.46643
000000000025	011	17.030	000000005204	152.907490	+0.112795	0.44274
000000000025	011	17.030	000000011238	152.888180	+0.160636	0.49152
000000000195	011	17.678	000000001875	161.322920	-0.374338	0.60568
000000000195	011	17.678	000000003729	161.300550	-0.347516	0.59774
000000000195	011	17.678	000000006729	161.390160	-0.405774	0.56809
000000000195	011	17.678	000000009686	161.347080	-0.443909	0.57737
000000000195	011	17.678	000000011914	161.234070	-0.346027	0.57064
000000000195	011	17.678	000000012189	161.227090	-0.299517	0.57756
000000000195	011	17.678	000000004158	161.246650	-0.263724	0.62508
000000000195	011	17.678	000000003294	161.161610	-0.235088	0.60064
000000000195	011	17.678	000000007132	161.219990	-0.261542	0.63362
000000000195	011	17.678	000000002197	161.277060	-0.107396	0.63537
000000000195	011	17.678	000000011152	161.188280	-0.158507	0.65646
000000000055	010	17.601	000000003322	150.273520	+0.150604	0.47122
000000000055	010	17.601	000000004705	150.244880	+0.178005	0.48504
000000000055	010	17.601	000000005679	150.212590	+0.151095	0.50432
000000000055	010	17.601	000000010001	150.206930	+0.139439	0.49256
000000000055	010	17.601	000000002468	150.272730	+0.093644	0.51961
000000000055	010	17.601	000000003076	150.181760	+0.172351	0.53858
000000000055	010	17.601	000000004064	150.124460	+0.176634	0.49013
000000000055	010	17.601	000000006780	150.309410	+0.140156	0.53243
000000000055	010	17.601	000000005294	150.309820	+0.189127	0.52015
000000000055	010	17.601	000000011441	150.326660	+0.187828	0.56015
000000000143	009	17.333	000000001328	140.566780	+0.149475	0.54983
000000000143	009	17.333	000000001541	140.601020	+0.143488	0.56418
000000000143	009	17.333	000000009146	140.534420	+0.156509	0.53349
000000000143	009	17.333	000000004660	140.535620	+0.111577	0.59863
000000000143	009	17.333	000000008100	140.594130	+0.111412	0.59654
000000000143	009	17.333	000000009600	140.565520	+0.074478	0.60118
000000000143	009	17.333	000000009558	140.655150	+0.053780	0.58127
000000000143	009	17.333	000000008763	140.675020	-0.007708	0.57464
000000000143	009	17.333	000000009014	140.673720	-0.073848	0.57891
000000000050	009	16.967	000000002226	156.661410	-0.341850	0.50613
000000000050	009	16.967	000000003098	156.611760	-0.317425	0.49029
000000000050	009	16.967	000000003713	156.686650	-0.365186	0.46786
000000000050	009	16.967	000000003982	156.684520	-0.350311	0.48112
000000000050	009	16.967	000000004667	156.626250	-0.314761	0.50394
000000000050	009	16.967	000000000020	156.660400	-0.292312	0.51844
000000000050	009	16.967	000000003268	156.694970	-0.251214	0.49664
000000000050	009	16.967	000000006267	156.677530	-0.279821	0.48010
000000000050	009	16.967	000000003941	156.735470	-0.220710	0.51476
000000000128	009	18.242	000000002040	151.955660	+0.095655	0.50794
000000000128	009	18.242	000000002413	151.920510	+0.123998	0.51842
000000000128	009	18.242	000000003386	151.941050	+0.144595	0.54963
000000000128	009	18.242	000000008018	151.941620	+0.049838	0.56351
000000000128	009	18.242	000000005027	151.934950	-0.021629	0.61747
000000000128	009	18.242	000000013123	151.943800	+0.036880	0.59626
000000000128	009	18.242	000000010631	151.882420	+0.070098	0.63538
000000000128	009	18.242	000000003622	151.960660	-0.008989	0.62763
000000000128	009	18.242	000000005729	151.888250	-0.096018	0.58022
000000000031	008	17.212	000000005088	142.165840	+0.041514	0.47287
000000000031	008	17.212	000000006695	142.146050	+0.052259	0.47414
000000000031	008	17.212	000000007400	142.158930	+0.072200	0.47833
000000000031	008	17.212	000000004146	142.163280	+0.046951	0.48160
000000000031	008	17.212	000000009378	142.140090	+0.045277	0.49598
000000000031	008	17.212	000000002066	142.173440	+0.104424	0.52715
000000000031	008	17.212	000000003170	142.167250	+0.072218	0.51923
000000000031	008	17.212	000000008923	142.218700	+0.114994	0.49832
000000000160	008	16.707	000000003054	034.929699	-0.196841	0.57374
000000000160	008	16.707	000000008992	034.873248	-0.208780	0.56040
000000000160	008	16.707	000000011502	034.832155	-0.225253	0.56807
000000000160	008	16.707	000000002162	034.982041	-0.088625	0.58159
000000000160	008	16.707	000000003931	034.989650	-0.110036	0.59413
000000000160	008	16.707	000000010235	034.942860	-0.136697	0.59727
000000000160	008	16.707	000000008080	035.046594	-0.045865	0.59211
000000000160	008	16.707	000000007343	035.071033	-0.010044	0.59765
000000000146	007	17.148	000000002312	152.285590	-0.006763	0.56196
000000000146	007	17.148	000000004432	152.294990	-0.004786	0.53782
000000000146	007	17.148	000000005055	152.260680	-0.023220	0.53970
000000000146	007	17.148	000000010946	152.229450	-0.072933	0.56242
000000000146	007	17.148	000000012006	152.175720	-0.053142	0.54287
000000000146	007	17.148	000000006009	152.155930	-0.105114	0.59553
000000000146	007	17.148	000000008199	152.277810	-0.003838	0.56457
000000000229	007	17.376	000000006776	012.914247	-0.837460	0.65028
000000000229	007	17.376	000000009348	012.975432	-0.906657	0.63818
000000000229	007	17.376	000000009159	013.078056	-0.886058	0.58653
000000000229	007	17.376	000000006244	012.922016	-1.005087	0.62942
000000000229	007	17.376	000000007221	012.796262	-0.987469	0.64590
000000000229	007	17.376	000000010961	012.867821	-0.819939	0.66365
000000000229	007	17.376	000000008329	012.836527	-0.673414	0.62699
000000000094	007	17.599	000000000200	185.333200	-0.437978	0.49413
000000000094	007	17.599	000000003530	185.355780	-0.446868	0.53524
000000000094	007	17.599	000000006817	185.373660	-0.471227	0.50728
000000000094	007	17.599	000000001277	185.385600	-0.477475	0.53125
000000000094	007	17.599	000000004933	185.386850	-0.504179	0.52890
000000000094	007	17.599	000000009747	185.344090	-0.428019	0.53259
000000000094	007	17.599	000000004466	185.378300	-0.404344	0.58482
000000000096	007	17.166	000000000480	010.279764	+0.178017	0.51847
000000000096	007	17.166	000000009517	010.325915	+0.171154	0.52927
000000000096	007	17.166	000000012662	010.261923	+0.190611	0.49839
000000000096	007	17.166	000000011227	010.276603	+0.246297	0.53628
000000000096	007	17.166	000000006035	010.309924	+0.189665	0.56371
000000000096	007	17.166	000000010168	010.294527	+0.147284	0.54024
000000000096	007	17.166	000000006419	010.307750	+0.116991	0.54116
000000000089	006	17.708	000000003321	155.568890	-0.107636	0.48954
000000000089	006	17.708	000000006423	155.540350	-0.138849	0.48190
000000000089	006	17.708	000000012947	155.547870	-0.142494	0.52996
000000000089	006	17.708	000000008174	155.605340	-0.169427	0.55756
000000000089	006	17.708	000000011721	155.612860	-0.118649	0.55186
000000000089	006	17.708	000000008756	155.645590	-0.210468	0.51943
000000000193	006	16.954	000000001019	142.537190	+0.350214	0.61623
000000000193	006	16.954	000000001022	142.514160	+0.357859	0.57234
000000000193	006	16.954	000000002018	142.576560	+0.350953	0.59581
000000000193	006	16.954	000000006588	142.656820	+0.429863	0.62378
000000000193	006	16.954	000000002337	142.745780	+0.415100	0.60382
000000000193	006	16.954	000000009172	142.755610	+0.520880	0.60417
000000000182	006	17.640	000000001049	161.865260	-0.377621	0.59174
000000000182	006	17.640	000000010547	161.848810	-0.418250	0.59580
000000000182	006	17.640	000000011137	161.924820	-0.400121	0.56758
000000000182	006	17.640	000000002764	161.962590	-0.380737	0.60973
000000000182	006	17.640	000000012105	161.899190	-0.390806	0.63264
000000000182	006	17.640	000000007539	161.845700	-0.352206	0.65207
000000000189	006	17.112	000000000008	013.930341	-0.600845	0.57266
000000000189	006	17.112	000000010507	013.987294	-0.649566	0.57011
000000000189	006	17.112	000000004685	013.946192	-0.542067	0.59865
000000000189	006	17.112	000000003232	013.856660	-0.430274	0.59227
000000000189	006	17.112	000000005672	013.840908	-0.511303	0.61751
000000000189	006	17.112	000000003830	013.823714	-0.585473	0.61472
000000000093	006	16.990	000000000132	138.307970	-0.628545	0.52267
000000000093	006	16.990	000000002978	138.340890	-0.621328	0.53546
000000000093	006	16.990	000000009256	138.303490	-0.614015	0.53889
000000000093	006	16.990	000000010462	138.275640	-0.661086	0.49873
000000000093	006	16.990	000000009552	138.383240	-0.610137	0.52909
000000000093	006	16.990	000000009520	138.421910	-0.599014	0.49801
000000000178	006	17.324	000000004052	140.766240	+0.461577	0.53875
000000000178	006	17.324	000000004563	140.728050	+0.409300	0.58242
000000000178	006	17.324	000000007186	140.712150	+0.487975	0.59492
000000000178	006	17.324	000000003159	140.762550	+0.434279	0.60628
000000000178	006	17.324	000000001610	140.685020	+0.339274	0.59098
000000000178	006	17.324	000000007504	140.676790	+0.280977	0.57249
000000000010	006	17.602	000000001564	150.759190	+0.499116	0.43609
000000000010	006	17.602	000000007478	150.796270	+0.533595	0.46134
000000000010	006	17.602	000000008563	150.839820	+0.464644	0.42969
000000000010	006	17.602	000000000172	150.805570	+0.494849	0.48394
000000000010	006	17.602	000000006279	150.763610	+0.484759	0.50324
000000000010	006	17.602	000000010870	150.721220	+0.513856	0.47552
000000000162	006	17.816	000000004829	152.185510	-0.413333	0.54187
000000000162	006	17.816	000000008380	152.129700	-0.430396	0.56752
000000000162	006	17.816	000000012432	152.146220	-0.398536	0.55672
000000000162	006	17.816	000000005835	152.146750	-0.397823	0.61659
000000000162	006	17.816	000000001133	152.096140	-0.555869	0.61315
000000000162	006	17.816	000000009511	152.123930	-0.444575	0.61974
000000000002	006	16.812	000000004301	185.448930	+0.291660	0.42573
000000000002	006	16.812	000000009749	185.308250	+0.334171	0.44077
000000000002	006	16.812	000000005642	185.007800	+0.282920	0.43727
000000000002	006	16.812	000000008278	185.033070	+0.193454	0.41387
000000000002	006	16.812	000000012117	185.289850	+0.226747	0.45007
000000000002	006	16.812	000000004883	185.293980	+0.161520	0.45524
000000000226	006	17.101	000000005508	137.835560	-0.500022	0.63534
000000000226	006	17.101	000000005711	137.882950	-0.535411	0.61994
000000000226	006	17.101	000000006317	137.913420	-0.641521	0.61349
000000000226	006	17.101	000000009637	137.931130	-0.422286	0.64083
000000000226	006	17.101	000000012132	137.935830	-0.707140	0.65986
000000000226	006	17.101	000000011611	138.002970	-0.490545	0.60497
000000000066	006	17.581	000000000410	153.291570	-0.202770	0.49266
000000000066	006	17.581	000000011735	153.286920	-0.235835	0.51285
000000000066	006	17.581	000000002044	153.323680	-0.277439	0.52212
000000000066	006	17.581	000000009347	153.284470	-0.151039	0.54325
000000000066	006	17.581	000000001115	153.355790	-0.319759	0.56077
000000000066	006	17.581	000000007035	153.328920	-0.372748	0.56483
000000000039	005	17.652	000000006762	154.980940	-0.673067	0.48259
000000000039	005	17.652	000000008152	155.023810	-0.639891	0.49875
000000000039	005	17.652	000000011900	155.058880	-0.598384	0.48423
000000000039	005	17.652	000000011919	155.113180	-0.585736	0.45616
000000000039	005	17.652	000000006861	155.048940	-0.627054	0.53889
000000000185	005	16.859	000000001423	151.670400	-0.824831	0.57006
000000000185	005	16.859	000000006641	151.699930	-0.880899	0.55074
000000000185	005	16.859	000000008534	151.699670	-0.944176	0.59304
000000000185	005	16.859	000000008339	151.654130	-0.980838	0.55468
000000000185	005	16.859	000000004953	151.620100	-0.941818	0.57319
000000000000	005	16.935	000000002553	011.889043	-0.518856	0.41919
000000000000	005	16.935	000000005023	012.001127	-0.319647	0.44719
000000000000	005	16.935	000000012290	011.611485	-0.499820	0.43689
000000000000	005	16.935	000000006157	011.913048	-0.340041	0.46640
000000000000	005	16.935	000000010757	011.826207	-0.251214	0.44803
000000000139	005	17.014	000000000545	167.353590	+0.251595	0.52389
000000000139	005	17.014	000000002520	167.363790	+0.214946	0.54340
000000000139	005	17.014	000000001008	167.407600	+0.233306	0.56001
000000000139	005	17.014	000000003674	167.307200	+0.189712	0.53978
000000000139	005	17.014	000000008521	167.399820	+0.247310	0.57265
000000000155	005	15.988	000000000881	156.814810	-0.335754	0.56428
000000000155	005	15.988	000000006056	156.822450	-0.293567	0.57064
000000000155	005	15.988	000000011641	156.841500	-0.330090	0.58288
000000000155	005	15.988	000000009065	156.784980	-0.400000	0.58522
000000000155	005	15.988	000000003893	156.730250	-0.425292	0.57476
000000000098	005	17.645	000000002784	161.822770	+0.054354	0.54640
000000000098	005	17.645	000000005216	161.849410	+0.088329	0.49646
000000000098	005	17.645	000000010752	161.799880	+0.106065	0.49357
000000000098	005	17.645	000000007176	161.840210	+0.089373	0.55828
000000000098	005	17.645	000000011609	161.885700	+0.132310	0.54453
000000000087	005	18.009	000000002717	156.149070	-0.259663	0.53042
000000000087	005	18.009	000000004409	156.151850	-0.272251	0.48375
000000000087	005	18.009	000000010394	156.142640	-0.266279	0.52837
000000000087	005	18.009	000000000764	156.162120	-0.311840	0.55349
000000000087	005	18.009	000000011701	156.188630	-0.207868	0.59444
000000000103	005	17.936	000000005102	156.138290	+0.373437	0.49641
000000000103	005	17.936	000000007895	156.175060	+0.387796	0.52425
000000000103	005	17.936	000000008594	156.109000	+0.367144	0.51607
000000000103	005	17.936	000000008633	156.131440	+0.333168	0.55871
000000000103	005	17.936	000000008851	156.192100	+0.348391	0.59273
000000000108	005	17.005	000000000770	167.764220	-0.670559	0.53776
000000000108	005	17.005	000000003127	167.737930	-0.622252	0.49898
000000000108	005	17.005	000000011631	167.690320	-0.624983	0.51230
000000000108	005	17.005	000000007863	167.777580	-0.580046	0.51496
000000000108	005	17.005	000000005132	167.823200	-0.592347	0.48865
000000000156	005	17.657	000000001266	155.313860	-0.467808	0.53218
000000000156	005	17.657	000000003023	155.316690	-0.495549	0.57619
000000000156	005	17.657	000000005625	155.312260	-0.494271	0.55717
000000000156	005	17.657	000000004314	155.327780	-0.460025	0.57792
000000000156	005	17.657	000000010325	155.315820	-0.468359	0.61677
000000000079	005	17.219	000000005614	156.440420	-0.231838	0.48089
000000000079	005	17.219	000000006462	156.412230	-0.239046	0.50637
000000000079	005	17.219	000000010095	156.404820	-0.282630	0.50982
000000000079	005	17.219	000000006691	156.404580	-0.326643	0.51625
000000000079	005	17.219	000000005459	156.460180	-0.316905	0.54191
000000000114	005	16.343	000000003966	150.823160	-0.453198	0.53865
000000000114	005	16.343	000000007347	150.811910	-0.509297	0.53897
000000000114	005	16.343	000000004379	150.775160	-0.549343	0.53168
000000000114	005	16.343	000000006146	150.869420	-0.482646	0.55305
000000000114	005	16.343	000000007600	150.854040	-0.520479	0.55881
000000000073	005	17.119	000000002264	151.574940	-0.244874	0.50327
000000000073	005	17.119	000000003975	151.595260	-0.248313	0.51285
000000000073	005	17.119	000000004665	151.618130	-0.251097	0.50999
000000000073	005	17.119	000000007953	151.668360	-0.229623	0.48147
000000000073	005	17.119	000000010973	151.573930	-0.245345	0.53781
000000000069	005	17.337	000000001219	162.109310	-0.843020	0.49921
000000000069	005	17.337	000000005066	162.119390	-0.832015	0.51437
000000000069	005	17.337	000000011059	162.104360	-0.860261	0.47763
000000000069	005	17.337	000000008499	162.098970	-0.875306	0.53198
000000000069	005	17.337	000000012261	162.116290	-0.782620	0.53526
000000000061	005	16.946	000000007969	014.344738	+0.154138	0.50426
000000000061	005	16.946	000000012695	014.361282	+0.129719	0.50430
000000000061	005	16.946	000000010088	014.343978	+0.084716	0.49265
000000000061	005	16.946	000000010670	014.389475	+0.191413	0.52167
000000000061	005	16.946	000000001733	014.337480	+0.140678	0.53791
000000000078	005	16.951	000000005416	162.130320	+0.232667	0.48520
000000000078	005	16.951	000000008075	162.175230	+0.207568	0.51408
000000000078	005	16.951	000000005968	162.165840	+0.220793	0.48372
000000000078	005	16.951	000000002758	162.154010	+0.241431	0.52071
000000000078	005	16.951	000000004590	162.145300	+0.246516	0.51479
000000000030	005	17.164	000000004195	185.600970	-1.154524	0.45606
000000000030	005	17.164	000000004209	185.602590	-1.163559	0.46716
000000000030	005	17.164	000000008864	185.544320	-1.161881	0.48743
000000000030	005	17.164	000000012628	185.616710	-1.187970	0.50239
000000000030	005	17.164	000000000917	185.587940	-1.195624	0.50191
000000000201	005	17.377	000000005730	141.552520	+0.535747	0.56386
000000000201	005	17.377	000000010740	141.599710	+0.485132	0.56824
000000000201	005	17.377	000000006205	141.630990	+0.470876	0.56641
000000000201	005	17.377	000000001422	141.606720	+0.536584	0.62317
000000000201	005	17.377	000000011073	141.669100	+0.575705	0.59053
000000000091	005	17.887	000000003960	154.867840	+0.348640	0.50061
000000000091	005	17.887	000000012221	154.907620	+0.347420	0.53291
000000000091	005	17.887	000000004940	154.924400	+0.388863	0.50969
000000000091	005	17.887	000000006195	154.905020	+0.382129	0.55034
000000000091	005	17.887	000000006959	154.956670	+0.335052	0.59300
000000000012	005	17.000	000000005001	158.347340	+0.629183	0.46915
000000000012	005	17.000	000000005221	158.271090	+0.540342	0.46115
000000000012	005	17.000	000000010424	158.328790	+0.742042	0.44443
000000000012	005	17.000	000000004211	158.391140	+0.644764	0.49503
000000000012	005	17.000	000000005611	158.322370	+0.619177	0.46653
000000000212	005	16.353	000000000643	033.726826	+0.086532	0.60660
000000000212	005	16.353	000000003825	033.647132	+0.075059	0.60905
000000000212	005	16.353	000000009314	033.716327	+0.041109	0.63323
000000000212	005	16.353	000000004934	033.841751	+0.053672	0.62674
000000000212	005	16.353	000000003652	033.938567	+0.094998	0.62392
000000000023	005	16.958	000000000357	152.697170	-0.460947	0.49502
000000000023	005	16.958	000000004181	152.686980	-0.403388	0.48164
000000000023	005	16.958	000000007681	152.656830	-0.489158	0.47809
000000000023	005	16.958	000000009929	152.641790	-0.489180	0.46952
000000000023	005	16.958	000000008302	152.667810	-0.469939	0.51513
000000000008	005	16.480	000000000927	013.839006	+0.453175	0.45118
000000000008	005	16.480	000000006702	013.758927	+0.465189	0.47446
000000000008	005	16.480	000000002637	013.655013	+0.410015	0.45425
000000000008	005	16.480	000000010119	013.728474	+0.316990	0.45643
000000000008	005	16.480	000000000587	013.790680	+0.461106	0.47744
000000000022	005	17.081	000000000042	151.935660	-0.014551	0.46766
000000000022	005	17.081	000000009503	151.963990	-0.000494	0.47412
000000000022	005	17.081	000000010523	152.000170	-0.021926	0.45742
000000000022	005	17.081	000000012780	151.947080	+0.009298	0.49259
000000000022	005	17.081	000000008827	151.997680	-0.026974	0.50580
000000000209	005	17.486	000000000025	185.179970	-0.508935	0.61372
000000000209	005	17.486	000000001753	185.242940	-0.479947	0.57444
000000000209	005	17.486	000000009497	185.145430	-0.434675	0.58141
000000000209	005	17.486	000000001455	185.264450	-0.484314	0.64299
000000000209	005	17.486	000000004775	185.343900	-0.515973	0.59771
000000000237	005	17.032	000000009495	161.962580	+0.540096	0.65695
000000000237	005	17.032	000000012063	161.954770	+0.677265	0.67371
000000000237	005	17.032	000000009808	161.962600	+0.724378	0.64470
000000000237	005	17.032	000000000444	162.041980	+0.285833	0.68937
000000000237	005	17.032	000000007545	161.456030	+0.515287	0.68894
000000000011	005	16.961	000000002858	123.963600	+0.273896	0.47157
000000000011	005	16.961	000000003978	123.877020	+0.223477	0.44535
000000000011	005	16.961	000000006681	123.962850	+0.325212	0.47127
000000000011	005	16.961	000000009788	124.048270	+0.271118	0.46517
000000000011	005	16.961	000000007725	123.949880	+0.319273	0.49499
000000000018	005	16.907	000000004254	157.544170	+0.290655	0.45230
000000000018	005	16.907	000000007243	157.533000	+0.247014	0.46111
000000000018	005	16.907	000000010373	157.595270	+0.297824	0.46604
000000000018	005	16.907	000000003338	157.541890	+0.352920	0.47861
000000000018	005	16.907	000000009286	157.558420	+0.331602	0.49607
000000000136	004	17.501	000000007701	150.684560	+0.212727	0.54399
000000000136	004	17.501	000000008742	150.655020	+0.194030	0.51272
000000000136	004	17.501	000000009895	150.683990	+0.212054	0.57215
000000000136	004	17.501	000000010804	150.656580	+0.199786	0.57212
000000000152	004	17.051	000000000532	152.271150	-0.378853	0.57393
000000000152	004	17.051	000000009238	152.300050	-0.416061	0.52686
000000000152	004	17.051	000000010129	152.310480	-0.346976	0.54741
000000000152	004	17.051	000000004525	152.263500	-0.449821	0.56055
000000000111	004	17.034	000000002205	155.112740	+0.088339	0.51838
000000000111	004	17.034	000000008946	155.155190	+0.097157	0.51180
000000000111	004	17.034	000000006950	155.171120	+0.148598	0.54432
000000000111	004	17.034	000000010159	155.121220	+0.085672	0.55244
000000000154	004	16.650	000000000846	151.397030	+0.332749	0.54480
000000000154	004	16.650	000000003515	151.346380	+0.366869	0.56941
000000000154	004	16.650	000000004949	151.353400	+0.425765	0.53458
000000000154	004	16.650	000000007941	151.418360	+0.416750	0.55347
000000000109	004	16.302	000000001159	163.512040	-0.045260	0.51352
000000000109	004	16.302	000000004885	163.469140	-0.062838	0.52993
000000000109	004	16.302	000000012746	163.463500	-0.095814	0.53892
000000000109	004	16.302	000000004892	163.458520	-0.151910	0.51970
000000000007	004	15.876	000000000521	185.577060	-0.608682	0.44209
000000000007	004	15.876	000000004523	185.489780	-0.522100	0.45128
000000000007	004	15.876	000000006469	185.579450	-0.565868	0.43221
000000000007	004	15.876	000000004346	185.384440	-0.505288	0.44464
000000000234	004	17.029	000000002105	010.261959	-0.109647	0.65652
000000000234	004	17.029	000000003436	010.345691	-0.020713	0.61932
000000000234	004	17.029	000000010473	010.339781	+0.001185	0.60996
000000000234	004	17.029	000000011070	010.176892	-0.228691	0.62793
000000000081	004	17.198	000000007106	162.591260	-0.804543	0.50979
000000000081	004	17.198	000000007583	162.595700	-0.783684	0.46717
000000000081	004	17.198	000000007584	162.606750	-0.789597	0.51742
000000000081	004	17.198	000000013094	162.620810	-0.800599	0.49616
000000000123	004	17.510	000000000705	166.291650	-0.971337	0.52818
000000000123	004	17.510	000000012627	166.335610	-0.940764	0.55132
000000000123	004	17.510	000000007138	166.377070	-0.974051	0.52841
000000000123	004	17.510	000000011777	166.317150	-0.967815	0.58868
000000000082	004	16.448	000000008207	164.052180	-0.273857	0.50240
000000000082	004	16.448	000000012152	164.052970	-0.306285	0.48983
000000000082	004	16.448	000000010260	164.002950	-0.328243	0.50569
000000000082	004	16.448	000000004679	163.979980	-0.339124	0.52017
000000000161	004	17.482	000000003464	162.766840	-0.418590	0.56130
000000000161	004	17.482	000000012756	162.722770	-0.424098	0.56958
000000000161	004	17.482	000000012831	162.791920	-0.387571	0.56696
000000000161	004	17.482	000000002179	162.680950	-0.388033	0.62175
000000000158	004	16.758	000000001987	151.007690	-0.413278	0.57543
000000000158	004	16.758	000000003214	151.061340	-0.435166	0.56945
000000000158	004	16.758	000000005577	151.018860	-0.426666	0.55432
000000000158	004	16.758	000000005548	150.972330	-0.357734	0.53966
000000000135	004	17.450	000000006316	123.170790	-0.255595	0.54313
000000000135	004	17.450	000000006921	123.137740	-0.215459	0.51377
000000000135	004	17.450	000000010137	123.161480	-0.278939	0.50446
000000000135	004	17.450	000000011316	123.127400	-0.283754	0.56345
000000000149	004	17.183	000000008128	010.662937	-0.612754	0.55098
000000000149	004	17.183	000000009308	010.662105	-0.642305	0.54376
000000000149	004	17.183	000000009130	010.664507	-0.699880	0.52277
000000000149	004	17.183	000000002363	010.650025	-0.684457	0.57652
000000000218	004	15.408	000000006042	142.067910	-0.308891	0.60396
000000000218	004	15.408	000000008333	142.056730	-0.383832	0.59804
000000000218	004	15.408	000000006684	141.993910	-0.352116	0.60865
000000000218	004	15.408	000000011731	142.022830	-0.409274	0.59599
000000000067	004	17.368	000000000531	150.585660	+0.179758	0.51074
000000000067	004	17.368	000000001769	150.551300	+0.185340	0.49948
000000000067	004	17.368	000000005636	150.509370	+0.153237	0.46714
000000000067	004	17.368	000000008438	150.584090	+0.229414	0.52683
000000000137	004	16.945	000000000154	162.536840	+0.055238	0.54119
000000000137	004	16.945	000000005962	162.513040	+0.011196	0.53757
000000000137	004	16.945	000000008090	162.516430	+0.007052	0.56118
000000000137	004	16.945	000000012759	162.571350	-0.017601	0.57728
000000000138	004	17.049	000000000493	034.927998	+0.365024	0.53112
000000000138	004	17.049	000000010183	034.979643	+0.370177	0.55484
000000000138	004	17.049	000000005397	035.006197	+0.321975	0.52096
000000000138	004	17.049	000000013038	034.956425	+0.372002	0.56374
000000000119	004	16.467	000000000029	150.502110	-0.844200	0.54205
000000000119	004	16.467	000000002851	150.531700	-0.864313	0.52523
000000000119	004	16.467	000000007309	150.447550	-0.843383	0.54682
000000000119	004	16.467	000000003440	150.383220	-0.843934	0.55564
000000000230	004	16.903	000000007262	163.085420	+0.625529	0.63465
000000000230	004	16.903	000000009506	163.073300	+0.555206	0.64975
000000000230	004	16.903	000000011283	163.099010	+0.478797	0.63200
000000000230	004	16.903	000000001643	163.004130	+0.542670	0.67199
000000000013	004	16.662	000000005138	166.281840	-0.169696	0.45077
000000000013	004	16.662	000000008170	166.277770	-0.081748	0.45416
000000000013	004	16.662	000000011966	166.244440	-0.058399	0.47672
000000000013	004	16.662	000000005205	166.314760	-0.011371	0.44288
000000000076	004	17.661	000000004281	139.474590	+0.295646	0.49745
000000000076	004	17.661	000000012211	139.418910	+0.307886	0.50962
000000000076	004	17.661	000000009346	139.372060	+0.294239	0.49673
000000000076	004	17.661	000000002298	139.444410	+0.275277	0.56363
000000000017	004	16.918	000000003618	036.586262	+0.049590	0.45180
000000000017	004	16.918	000000008084	036.572884	+0.011410	0.44915
000000000017	004	16.918	000000006022	036.530123	-0.033375	0.45883
000000000017	004	16.918	000000012480	036.618505	+0.048052	0.48768
000000000065	004	17.311	000000000326	015.167463	+0.218009	0.50876
000000000065	004	17.311	000000007879	015.140706	+0.230625	0.49602
000000000065	004	17.311	000000004511	015.093263	+0.246706	0.50718
000000000065	004	17.311	000000010712	015.124760	+0.236650	0.55116
000000000122	004	16.480	000000000647	010.413693	-0.911977	0.52931
000000000122	004	16.480	000000002566	010.374343	-0.915124	0.54964
000000000122	004	16.480	000000011837	010.321487	-0.927726	0.51868
000000000122	004	16.480	000000012066	010.334177	-0.952898	0.53090
000000000057	004	17.301	000000005501	140.228850	-0.772354	0.48237
000000000057	004	17.301	000000006293	140.251300	-0.766177	0.49888
000000000057	004	17.301	000000007961	140.293540	-0.756562	0.48073
000000000057	004	17.301	000000011575	140.242700	-0.806177	0.53235
000000000132	004	17.285	000000003511	037.843284	-0.214989	0.54491
000000000132	004	17.285	000000004248	037.835422	-0.190192	0.54737
000000000132	004	17.285	000000011098	037.861342	-0.143701	0.52352
000000000132	004	17.285	000000006561	037.840774	-0.129732	0.58153
000000000199	004	17.137	000000004331	034.613064	-0.206218	0.58426
000000000199	004	17.137	000000011231	034.664080	-0.171524	0.56940
000000000199	004	17.137	000000006091	034.735592	-0.169521	0.56263
000000000199	004	17.137	000000008445	034.676579	-0.250666	0.61131
000000000214	004	17.057	000000001010	013.945806	-0.140631	0.61451
000000000214	004	17.057	000000007363	013.983821	-0.179296	0.57463
000000000214	004	17.057	000000007401	013.935815	-0.065336	0.58428
000000000214	004	17.057	000000002721	014.037425	-0.113390	0.56882
000000000165	004	16.716	000000000285	167.516500	+0.763499	0.55234
000000000165	004	16.716	000000007073	167.474970	+0.813362	0.55442
000000000165	004	16.716	000000008904	167.476680	+0.811970	0.55074
000000000165	004	16.716	000000009764	167.522030	+0.735786	0.58343
000000000024	004	15.656	000000000930	152.350810	-0.580150	0.47521
000000000024	004	15.656	000000001175	152.416230	-0.579586	0.47662
000000000024	004	15.656	000000007493	152.404430	-0.553632	0.46202
000000000024	004	15.656	000000010999	152.438410	-0.509189	0.46842
000000000036	004	17.123	000000000805	151.173900	-0.645533	0.46413
000000000036	004	17.123	000000008776	151.146680	-0.662322	0.47747
000000000036	004	17.123	000000011727	151.193300	-0.659068	0.48998
000000000036	004	17.123	000000006228	151.241980	-0.639723	0.51313
000000000187	004	16.943	000000003355	163.145740	+0.728805	0.54352
000000000187	004	16.943	000000005752	163.104280	+0.780910	0.53374
000000000187	004	16.943	000000005753	163.163140	+0.719663	0.57397
000000000187	004	16.943	000000012961	163.100330	+0.833738	0.53676
000000000035	004	17.206	000000000398	156.025640	-0.379678	0.47673
000000000035	004	17.206	000000005592	156.036330	-0.383924	0.50066
000000000035	004	17.206	000000005706	156.055460	-0.421868	0.49866
000000000035	004	17.206	000000009018	156.104350	-0.428777	0.53099
000000000207	004	17.800	000000006980	155.621540	-0.387540	0.59348
000000000207	004	17.800	000000010803	155.633290	-0.445273	0.55885
000000000207	004	17.800	000000009510	155.664110	-0.485771	0.61372
000000000207	004	17.800	000000003509	155.577790	-0.305835	0.64494
000000000163	004	17.874	000000004927	009.567140	+0.499738	0.51644
000000000163	004	17.874	000000008431	009.529360	+0.485027	0.57067
000000000163	004	17.874	000000006940	009.499328	+0.442167	0.56336
000000000163	004	17.874	000000005576	009.457242	+0.409297	0.60862
000000000191	004	17.066	000000000570	010.649741	+0.199338	0.57892
000000000191	004	17.066	000000004574	010.598306	+0.150307	0.55107
000000000191	004	17.066	000000008070	010.627234	+0.159814	0.60042
000000000191	004	17.066	000000007857	010.546537	+0.108815	0.57104
000000000206	004	17.376	000000001846	150.956930	-0.824445	0.60519
000000000206	004	17.376	000000002047	150.981130	-0.783828	0.54270
000000000206	004	17.376	000000004417	150.935620	-0.868313	0.57249
000000000206	004	17.376	000000012919	150.970860	-0.740091	0.58236
000000000204	004	17.358	000000001424	011.595003	-0.537681	0.56985
000000000204	004	17.358	000000012022	011.539851	-0.538216	0.59945
000000000204	004	17.358	000000001767	011.531373	-0.590024	0.62193
000000000204	004	17.358	000000005424	011.572227	-0.464203	0.62584
000000000026	004	16.067	000000002212	010.365874	-0.356094	0.47848
000000000026	004	16.067	000000007675	010.334886	-0.316137	0.48987
000000000026	004	16.067	000000007483	010.296728	-0.268838	0.48000
000000000026	004	16.067	000000000856	010.350490	-0.333906	0.49831
000000000090	004	17.225	000000003493	033.344399	+0.031252	0.51752
000000000090	004	17.225	000000004293	033.344192	+0.051489	0.52330
000000000090	004	17.225	000000008232	033.336790	+0.096086	0.50820
000000000090	004	17.225	000000012605	033.392107	+0.100842	0.56017
000000000240	004	16.062	000000000295	150.744400	-0.794897	0.67122
000000000240	004	16.062	000000006003	150.729280	-0.981076	0.67494
000000000240	004	16.062	000000011431	150.635620	-0.645574	0.68123
000000000240	004	16.062	000000003039	150.571580	-0.496257	0.65830
000000000033	004	17.236	000000008325	010.098540	-1.013004	0.47547
000000000033	004	17.236	000000012659	010.086857	-0.959841	0.46194
000000000033	004	17.236	000000009275	010.036996	-0.947148	0.46066
000000000033	004	17.236	000000000529	010.130644	-0.995904	0.50933
000000000181	004	17.317	000000007007	036.263778	-0.705402	0.56920
000000000181	004	17.317	000000008439	036.295378	-0.731621	0.58938
000000000181	004	17.317	000000008881	036.325974	-0.743994	0.54195
000000000181	004	17.317	000000008059	036.368261	-0.764286	0.59746
000000000088	004	17.472	000000002856	151.007220	-0.124715	0.47291
000000000088	004	17.472	000000010938	150.960040	-0.146908	0.49252
000000000088	004	17.472	000000011996	150.960110	-0.104944	0.52916
000000000088	004	17.472	000000007898	150.919540	-0.082432	0.46991
000000000071	004	16.973	000000001845	150.525190	-0.092902	0.52587
000000000071	004	16.973	000000009993	150.517600	-0.106949	0.50421
000000000071	004	16.973	000000011569	150.496260	-0.109145	0.49695
000000000071	004	16.973	000000003051	150.513420	-0.133618	0.53723
000000000044	004	16.668	000000000787	141.163730	-0.065690	0.48519
000000000044	004	16.668	000000001506	141.150170	-0.062040	0.48819
000000000044	004	16.668	000000003266	141.212970	-0.095141	0.50363
000000000044	004	16.668	000000001776	141.248900	-0.126299	0.46779
000000000170	004	16.909	000000002022	013.547672	-0.998889	0.59239
000000000170	004	16.909	000000012722	013.597335	-0.968797	0.57848
000000000170	004	16.909	000000009428	013.552532	-0.926336	0.55170
000000000170	004	16.909	000000009901	013.607559	-0.923489	0.58726
000000000210	004	17.403	000000000342	150.767540	-0.597785	0.60290
000000000210	004	17.403	000000006630	150.748930	-0.675693	0.57519
000000000210	004	17.403	000000006214	150.773500	-0.518605	0.59628
000000000210	004	17.403	000000007422	150.676750	-0.537315	0.63916
000000000176	004	17.107	000000003638	150.121520	-0.082471	0.57678
000000000176	004	17.107	000000006256	150.073140	-0.088172	0.56679
000000000176	004	17.107	000000009353	150.110430	-0.043879	0.55286
000000000176	004	17.107	000000003709	150.152750	-0.060158	0.60274
000000000042	004	15.917	000000000630	139.551340	-0.187301	0.48099
000000000042	004	15.917	000000003152	139.494500	-0.178714	0.49613
000000000042	004	15.917	000000005337	139.596770	-0.159157	0.49917
000000000042	004	15.917	000000012982	139.497090	-0.155653	0.48755
000000000041	004	16.186	000000000575	150.089600	+0.567282	0.47894
000000000041	004	16.186	000000006318	150.042990	+0.540310	0.49793
000000000041	004	16.186	000000006669	150.052450	+0.550072	0.48165
000000000041	004	16.186	000000006301	150.006220	+0.563672	0.49763
000000000166	004	16.665	000000000349	166.497820	+0.393106	0.56744
000000000166	004	16.665	000000003478	166.515270	+0.357905	0.54522
000000000166	004	16.665	000000006653	166.532670	+0.433811	0.57975
000000000166	004	16.665	000000003414	166.569850	+0.466011	0.55532
000000000006	004	16.702	000000000263	156.427410	+0.052342	0.45014
000000000006	004	16.702	000000002290	156.436540	-0.053707	0.45083
000000000006	004	16.702	000000002712	156.361520	-0.046351	0.47848
000000000006	004	16.702	000000003565	156.352150	-0.079482	0.47403
000000000083	003	16.167	000000000142	138.471100	-0.510035	0.50876
000000000083	003	16.167	000000002959	138.486690	-0.544491	0.51423
000000000083	003	16.167	000000009103	138.493950	-0.489957	0.49365
000000000003	003	14.914	000000000662	163.640660	-0.233461	0.46133
000000000003	003	14.914	000000001518	163.558580	-0.350043	0.46676
000000000003	003	14.914	000000009200	163.506590	-0.114250	0.45888
000000000084	003	16.900	000000000568	152.509000	-0.689223	0.48462
000000000084	003	16.900	000000007574	152.490990	-0.697302	0.52182
000000000084	003	16.900	000000011664	152.529410	-0.725273	0.50656
000000000072	003	15.503	000000001890	139.078920	-0.506508	0.49390
000000000072	003	15.503	000000005948	139.037240	-0.472847	0.50522
000000000072	003	15.503	000000003253	139.081300	-0.446203	0.50473
000000000085	003	16.268	000000001710	142.236400	-0.060462	0.49222
000000000085	003	16.268	000000004901	142.204050	-0.038176	0.51452
000000000085	003	16.268	000000004620	142.181180	-0.037185	0.50835
000000000004	003	16.257	000000004253	142.535580	-0.350970	0.43616
000000000004	003	16.257	000000012601	142.710460	-0.455788	0.41695
000000000004	003	16.257	000000011938	142.664330	-0.618388	0.43653
000000000086	003	17.299	000000002285	012.897498	-0.136423	0.51196
000000000086	003	17.299	000000009220	012.931405	-0.174324	0.52501
000000000086	003	17.299	000000007814	012.878082	-0.189648	0.47595
000000000074	003	16.724	000000003096	150.423870	-0.768764	0.52849
000000000074	003	16.724	000000004945	150.453950	-0.736481	0.50591
000000000074	003	16.724	000000006964	150.475680	-0.758611	0.49668
000000000005	003	16.868	000000006227	164.141230	-0.822569	0.45874
000000000005	003	16.868	000000012070	164.337990	-0.860411	0.42788
000000000005	003	16.868	000000013005	164.178950	-0.740574	0.42749
000000000077	003	17.046	000000005151	160.105640	+0.620197	0.50724
000000000077	003	17.046	000000005198	160.055060	+0.608563	0.51750
000000000077	003	17.046	000000012168	160.056100	+0.615107	0.47727
000000000080	003	16.686	000000006269	162.277650	-0.364612	0.47215
000000000080	003	16.686	000000010025	162.255430	-0.361818	0.50316
000000000080	003	16.686	000000008631	162.212680	-0.324811	0.48241
000000000009	003	16.126	000000001206	015.706972	+0.073276	0.46136
000000000009	003	16.126	000000001675	015.687926	+0.166986	0.44651
000000000009	003	16.126	000000007858	015.687053	+0.027031	0.44188
000000000058	003	15.898	000000005818	010.805817	+0.412257	0.48976
000000000058	003	15.898	000000006783	010.783497	+0.376696	0.50097
000000000058	003	15.898	000000010609	010.759571	+0.385437	0.50679
000000000068	003	15.447	000000000678	009.523448	-0.057316	0.50651
000000000068	003	15.447	000000008228	009.527640	-0.112915	0.49475
000000000068	003	15.447	000000008421	009.480481	-0.124072	0.49766
000000000048	003	15.973	000000001781	141.991330	+0.435388	0.48952
000000000048	003	15.973	000000004607	142.035050	+0.425386	0.50493
000000000048	003	15.973	000000008449	141.993570	+0.430782	0.48864
000000000047	003	16.518	000000001672	152.508210	-0.598897	0.47147
000000000047	003	16.518	000000006163	152.522110	-0.598083	0.49920
000000000047	003	16.518	000000006894	152.495500	-0.588923	0.48404
000000000046	003	16.927	000000001320	152.999840	-0.040957	0.46641
000000000046	003	16.927	000000006002	152.969390	-0.028682	0.50384
000000000046	003	16.927	000000010813	153.036150	-0.000829	0.49093
000000000045	003	16.146	000000000837	141.723510	-0.082364	0.47077
000000000045	003	16.146	000000000876	141.702320	-0.074398	0.49153
000000000045	003	16.146	000000009343	141.677440	-0.052632	0.47945
000000000043	003	17.093	000000000742	011.057984	-0.136880	0.50398
000000000043	003	17.093	000000006008	011.088290	-0.130918	0.48197
000000000043	003	17.093	000000007730	011.083586	-0.130908	0.46084
000000000021	003	16.753	000000000004	141.250420	-0.851818	0.45953
000000000021	003	16.753	000000001138	141.264910	-0.852119	0.49270
000000000021	003	16.753	000000012769	141.239970	-0.880985	0.47609
000000000040	003	14.826	000000000072	142.009960	-0.103043	0.50203
000000000040	003	14.826	000000003118	141.971590	-0.137954	0.50528
000000000040	003	14.826	000000003632	141.998680	-0.164720	0.50963
000000000037	003	16.434	000000004833	162.196560	+0.452244	0.46754
000000000037	003	16.434	000000005251	162.223690	+0.471135	0.46261
000000000037	003	16.434	000000007069	162.270410	+0.487167	0.48714
000000000034	003	15.896	000000000205	158.857430	-0.428603	0.49408
000000000034	003	15.896	000000000825	158.812610	-0.408662	0.47691
000000000034	003	15.896	000000010934	158.880320	-0.415678	0.48425
000000000032	003	15.291	000000006477	140.885990	-0.028399	0.47829
000000000032	003	15.291	000000007070	140.861520	+0.003318	0.46761
000000000032	003	15.291	000000009381	140.904050	-0.022636	0.47162
000000000027	003	16.797	000000002332	013.008669	-0.581447	0.46380
000000000027	003	16.797	000000004944	012.986895	-0.544804	0.46316
000000000027	003	16.797	000000011810	012.980372	-0.525779	0.49317
000000000029	003	16.380	000000003060	158.708050	-0.241996	0.48143
000000000029	003	16.380	000000012376	158.682970	-0.280655	0.45842
000000000029	003	16.380	000000006436	158.672540	-0.205551	0.46179
000000000038	003	16.920	000000005071	012.685464	+0.358659	0.45542
000000000038	003	16.920	000000005133	012.717542	+0.316305	0.49173
000000000038	003	16.920	000000012265	012.697675	+0.298396	0.48243
000000000070	003	16.225	000000001835	161.803420	+0.497623	0.49617
000000000070	003	16.225	000000002564	161.795340	+0.534572	0.51839
000000000070	003	16.225	000000007922	161.773210	+0.456278	0.50573
000000000052	003	17.004	000000002559	165.959890	-0.827842	0.47458
000000000052	003	17.004	000000003385	165.952560	-0.868282	0.48224
000000000052	003	17.004	000000003494	165.970690	-0.849718	0.51274
000000000051	003	15.688	000000002506	155.923700	+0.587080	0.50021
000000000051	003	15.688	000000003998	155.960660	+0.614815	0.50121
000000000051	003	15.688	000000004176	155.872620	+0.586523	0.48798
000000000019	003	16.550	000000005121	152.132090	+0.045048	0.46737
000000000019	003	16.550	000000011023	152.132950	-0.013056	0.46162
000000000019	003	16.550	000000008298	152.198250	-0.043894	0.44054
000000000014	003	15.967	000000005665	009.745309	-0.533253	0.45617
000000000014	003	15.967	000000007642	009.732897	-0.474130	0.45991
000000000014	003	15.967	000000010982	009.756089	-0.579157	0.44276
000000000064	003	15.960	000000000278	154.898230	+0.191441	0.49176
000000000064	003	15.960	000000002580	154.899830	+0.146536	0.50830
000000000064	003	15.960	000000005738	154.899650	+0.171366	0.50656
000000000063	003	17.241	000000000179	015.160153	-0.402632	0.47116
000000000063	003	17.241	000000007064	015.141984	-0.350370	0.51804
000000000063	003	17.241	000000007764	015.107192	-0.305397	0.48401
000000000015	003	15.501	000000001937	140.404190	-0.555152	0.46437
000000000015	003	15.501	000000006345	140.324180	-0.531564	0.47653
000000000015	003	15.501	000000007790	140.306860	-0.496472	0.47353
000000000062	003	16.350	000000009057	162.648490	+0.518410	0.47301
000000000062	003	16.350	000000010020	162.633880	+0.513269	0.47381
000000000062	003	16.350	000000012658	162.701160	+0.519091	0.49451
000000000020	003	16.070	000000009258	160.185960	-0.202271	0.46899
000000000020	003	16.070	000000010184	160.195970	-0.203353	0.47078
000000000020	003	16.070	000000012706	160.120150	-0.214775	0.45300
000000000016	003	16.672	000000001991	163.647630	-0.610961	0.46613
000000000016	003	16.672	000000008475	163.621380	-0.663859	0.46514
000000000016	003	16.672	000000010131	163.676000	-0.678627	0.43879
000000000059	003	16.487	000000006374	152.482910	-0.259353	0.48290
000000000059	003	16.487	000000011069	152.495890	-0.239118	0.51007
000000000059	003	16.487	000000012636	152.500360	-0.264256	0.49756
000000000028	003	15.832	000000002924	156.014990	+0.639724	0.47276
000000000028	003	15.832	000000004463	156.004650	+0.642316	0.45923
000000000028	003	15.832	000000005356	155.982040	+0.667749	0.45810
000000000056	003	16.165	000000003951	139.282950	-0.212650	0.49800
000000000056	003	16.165	000000006527	139.233440	-0.192067	0.47773
000000000056	003	16.165	000000010652	139.233800	-0.205363	0.48253
000000000054	003	17.479	000000003315	162.374300	-0.235541	0.50333
000000000054	003	17.479	000000009020	162.394140	-0.267681	0.49992
000000000054	003	17.479	000000004880	162.399650	-0.315934	0.45142
000000000053	003	17.370	000000003019	166.935790	-0.191146	0.49646
000000000053	003	17.370	000000005269	166.983270	-0.199117	0.50425
000000000053	003	17.370	000000004309	167.008040	-0.214010	0.45460
000000000060	003	17.078	000000007314	185.348110	-1.109026	0.46625
000000000060	003	17.078	000000010929	185.385040	-1.102748	0.50750
000000000060	003	17.078	000000012504	185.423830	-1.093882	0.49657
000000000049	003	16.213	000000002042	124.420220	-0.364070	0.47256
000000000049	003	16.213	000000003525	124.432710	-0.308077	0.49453
000000000049	003	16.213	000000011880	124.388880	-0.354905	0.48389
000000000121	003	17.545	000000000355	151.335010	-0.737148	0.50540
000000000121	003	17.545	000000003411	151.327560	-0.720283	0.52555
000000000121	003	17.545	000000010227	151.351760	-0.726709	0.56613
000000000095	003	17.444	000000000348	015.172995	-0.108253	0.54624
000000000095	003	17.444	000000005791	015.201798	-0.074447	0.51450
000000000095	003	17.444	000000007094	015.187590	-0.117417	0.48938
000000000196	003	16.730	000000002452	011.742141	+0.404122	0.56918
000000000196	003	16.730	000000002694	011.679444	+0.442557	0.57215
000000000196	003	16.730	000000003598	011.654592	+0.422461	0.59955
000000000197	003	16.965	000000002670	155.875210	+0.398290	0.56210
000000000197	003	16.965	000000003397	155.925760	+0.392969	0.56512
000000000197	003	16.965	000000008608	155.859910	+0.443607	0.59821
000000000194	003	17.279	000000001130	154.977210	-0.522818	0.58759
000000000194	003	17.279	000000013112	154.988950	-0.595378	0.60600
000000000194	003	17.279	000000007426	155.019450	-0.477126	0.55551
000000000200	003	15.366	000000004770	138.277530	+0.289275	0.58632
000000000200	003	15.366	000000005156	138.322580	+0.302545	0.59392
000000000200	003	15.366	000000006782	138.312130	+0.267301	0.58233
000000000198	003	15.316	000000004255	162.255520	-0.355390	0.58884
000000000198	003	15.316	000000006699	162.296410	-0.396206	0.58138
000000000198	003	15.316	000000009999	162.303940	-0.296256	0.57773
000000000203	003	16.194	000000001389	035.079054	-0.619509	0.59644
000000000203	003	16.194	000000004897	035.053390	-0.645878	0.58869
000000000203	003	16.194	000000006551	035.028404	-0.688830	0.61069
000000000205	003	17.105	000000001837	143.065590	-0.321187	0.57753
000000000205	003	17.105	000000005086	143.116140	-0.312882	0.62015
000000000205	003	17.105	000000011495	143.134230	-0.330912	0.61114
000000000202	003	15.727	000000000790	034.486431	-0.733044	0.59970
000000000202	003	15.727	000000002868	034.517861	-0.693466	0.61523
000000000202	003	15.727	000000007619	034.581189	-0.699786	0.60600
000000000208	003	17.162	000000007095	156.842320	-0.092906	0.61402
000000000208	003	17.162	000000008988	156.892140	-0.139274	0.61399
000000000208	003	17.162	000000010524	156.846490	-0.029841	0.57340
000000000190	003	17.006	000000000557	015.188566	-0.516345	0.60420
000000000190	003	17.006	000000009213	015.140333	-0.520202	0.58063
000000000190	003	17.006	000000009279	015.112998	-0.511139	0.56292
000000000192	003	16.630	000000000925	140.420650	-0.594540	0.58471
000000000192	003	16.630	000000009902	140.439820	-0.594205	0.56329
000000000192	003	16.630	000000010922	140.449170	-0.639067	0.59343
000000000186	003	17.083	000000003065	139.710040	-0.256257	0.55302
000000000186	003	17.083	000000009642	139.731860	-0.274318	0.58934
000000000186	003	17.083	000000011352	139.672370	-0.229568	0.59254
000000000174	003	14.146	000000003203	138.051990	-0.788113	0.55437
000000000174	003	14.146	000000010177	138.115270	-0.789523	0.55277
000000000174	003	14.146	000000011117	138.040850	-0.734325	0.54986
000000000175	003	16.042	000000003320	010.245064	+0.405942	0.57460
000000000175	003	16.042	000000003456	010.237196	+0.414001	0.57177
000000000175	003	16.042	000000003980	010.229739	+0.345234	0.55632
000000000188	003	17.556	000000004608	163.985050	-0.549442	0.54045
000000000188	003	17.556	000000010039	163.995020	-0.564305	0.53367
000000000188	003	17.556	000000012563	163.971460	-0.487560	0.59109
000000000179	003	17.380	000000005992	009.690553	+0.755267	0.54321
000000000179	003	17.380	000000011262	009.680493	+0.760481	0.58201
000000000179	003	17.380	000000012547	009.655314	+0.749623	0.59645
000000000177	003	15.788	000000003679	156.073380	-0.678362	0.54480
000000000177	003	15.788	000000008307	156.055930	-0.675165	0.55395
000000000177	003	15.788	000000011407	156.009270	-0.633289	0.53789
000000000183	003	16.143	000000001301	014.652456	-1.161705	0.57979
000000000183	003	16.143	000000005271	014.639535	-1.100699	0.59554
000000000183	003	16.143	000000008908	014.603586	-1.187691	0.60023
000000000184	003	16.813	000000001334	160.859350	-0.295548	0.58835
000000000184	003	16.813	000000005965	160.859060	-0.306503	0.55668
000000000184	003	16.813	000000011522	160.884940	-0.248567	0.55844
000000000180	003	15.130	000000006332	161.498430	-1.118592	0.58343
000000000180	003	15.130	000000007664	161.518250	-1.128115	0.58092
000000000180	003	15.130	000000012149	161.573590	-1.135055	0.57396
000000000173	003	16.690	000000003069	151.587940	+0.557477	0.53553
000000000173	003	16.690	000000003103	151.524760	+0.570455	0.56777
000000000173	003	16.690	000000008722	151.517170	+0.507041	0.55202
000000000211	003	17.424	000000000435	152.869570	-0.213181	0.56777
000000000211	003	17.424	000000007906	152.824950	-0.258989	0.59973
000000000211	003	17.424	000000002795	152.837030	-0.320672	0.62496
000000000215	003	16.297	000000001451	143.220460	-0.862096	0.62647
000000000215	003	16.297	000000008741	143.229760	-0.910458	0.60223
000000000215	003	16.297	000000010860	143.277290	-0.843498	0.61439
000000000232	003	16.987	000000002571	152.143210	+0.242413	0.64635
000000000232	003	16.987	000000002933	152.060040	+0.309105	0.62735
000000000232	003	16.987	000000005570	152.092170	+0.347159	0.60512
000000000233	003	17.267	000000003136	151.209130	-0.544367	0.61128
000000000233	003	17.267	000000003450	151.313580	-0.587946	0.60192
000000000233	003	17.267	000000011665	151.193690	-0.525115	0.65011
000000000231	003	17.422	000000008363	141.447370	-0.076358	0.60100
000000000231	003	17.422	000000012645	141.488400	-0.131858	0.64213
000000000231	003	17.422	000000010627	141.422810	-0.204771	0.58688
000000000236	003	16.219	000000004224	035.309719	-1.017823	0.62952
000000000236	003	16.219	000000011021	035.171159	-1.025807	0.65200
000000000236	003	16.219	000000007644	035.082524	-0.997478	0.64495
000000000235	003	15.866	000000000959	037.380776	-0.070049	0.64551
000000000235	003	15.866	000000003733	037.379136	-0.174189	0.66134
000000000235	003	15.866	000000010328	037.345628	+0.016283	0.66009
000000000239	003	16.886	000000000613	033.414167	+0.063982	0.66869
000000000239	003	16.886	000000001343	033.443965	+0.173457	0.63952
000000000239	003	16.886	000000003803	033.431358	+0.003553	0.67591
000000000241	003	15.865	000000005618	164.240130	+0.761594	0.66347
000000000241	003	15.865	000000007335	164.155860	+0.528812	0.66236
000000000241	003	15.865	000000008561	164.369320	+0.407341	0.64771
000000000238	003	16.426	000000003518	167.237810	-0.000829	0.66325
000000000238	003	16.426	000000010923	167.277340	+0.118487	0.64226
000000000238	003	16.426	000000006895	167.281010	+0.242199	0.66751
000000000213	003	14.721	000000000990	010.806248	+0.384940	0.59285
000000000213	003	14.721	000000006571	010.752019	+0.410256	0.58891
000000000213	003	14.721	000000009436	010.858646	+0.328473	0.58567
000000000227	003	17.347	000000006114	154.408090	-0.120999	0.59102
000000000227	003	17.347	000000011772	154.383860	-0.159714	0.64311
000000000227	003	17.347	000000012915	154.408650	-0.242414	0.63054
000000000228	003	17.077	000000006371	008.760459	+0.351101	0.60634
000000000228	003	17.077	000000009996	008.861706	+0.322141	0.63581
000000000228	003	17.077	000000006967	008.945512	+0.305292	0.59271
000000000224	003	15.139	000000003132	153.615680	-0.589383	0.61825
000000000224	003	15.139	000000006231	153.621690	-0.660441	0.62239
000000000224	003	15.139	000000004905	153.618130	-0.703068	0.62818
000000000216	003	15.606	000000002408	010.839007	-0.288370	0.62068
000000000216	003	15.606	000000003589	010.903587	-0.316967	0.60931
000000000216	003	15.606	000000012332	010.885201	-0.334439	0.62247
000000000217	003	17.625	000000004272	034.025544	-0.688859	0.61975
000000000217	003	17.625	000000011000	034.102715	-0.703961	0.58911
000000000217	003	17.625	000000011446	033.990609	-0.625122	0.55313
000000000225	003	15.313	000000001156	141.395850	+0.630247	0.62817
000000000225	003	15.313	000000003488	141.375120	+0.666688	0.61889
000000000225	003	15.313	000000009022	141.268150	+0.670471	0.61777
000000000220	003	16.673	000000001342	167.021670	+0.267224	0.62856
000000000220	003	16.673	000000005256	167.021200	+0.223366	0.59821
000000000220	003	16.673	000000006954	167.078220	+0.303694	0.62315
000000000219	003	16.313	000000000229	140.636030	-0.864326	0.59384
000000000219	003	16.313	000000003880	140.541100	-0.853720	0.59635
000000000219	003	16.313	000000001901	140.533100	-0.864343	0.61617
000000000222	003	16.976	000000002664	009.539416	-0.084119	0.62353
000000000222	003	16.976	000000009440	009.480983	-0.100320	0.58392
000000000222	003	16.976	000000004767	009.454508	-0.014276	0.61202
000000000223	003	17.123	000000002949	164.434530	-0.987681	0.59033
000000000223	003	17.123	000000004221	164.352930	-0.997311	0.63486
000000000223	003	17.123	000000011576	164.329540	-1.083318	0.60396
000000000221	003	16.629	000000002280	151.891300	-0.597371	0.60754
000000000221	003	16.629	000000006266	151.925370	-0.554613	0.59787
000000000221	003	16.629	000000007206	151.957480	-0.584004	0.62843
000000000092	003	16.211	000000005039	161.928490	-0.320600	0.49191
000000000092	003	16.211	000000007891	161.932950	-0.325095	0.51192
000000000092	003	16.211	000000009291	161.939170	-0.268621	0.50994
000000000172	003	17.004	000000002353	150.591850	-0.686799	0.57583
000000000172	003	17.004	000000007418	150.549240	-0.706115	0.57982
000000000172	003	17.004	000000009651	150.554520	-0.743120	0.54232
000000000169	003	16.713	000000001363	139.693050	-0.657028	0.54236
000000000169	003	16.713	000000004055	139.633660	-0.681423	0.54322
000000000169	003	16.713	000000008323	139.712310	-0.646338	0.57122
000000000115	003	17.294	000000005163	035.005621	-0.988700	0.50027
000000000115	003	17.294	000000012002	035.007323	-0.950572	0.52257
000000000115	003	17.294	000000010850	035.050859	-0.923105	0.55103
000000000116	003	15.878	000000005311	155.341460	-0.856575	0.51646
000000000116	003	15.878	000000007396	155.312480	-0.859675	0.50985
000000000116	003	15.878	000000006638	155.312880	-0.917986	0.52685
000000000113	003	16.908	000000003786	139.103550	-0.792715	0.53233
000000000113	003	16.908	000000009963	139.087250	-0.771955	0.49722
000000000113	003	16.908	000000006030	139.058670	-0.725826	0.52690
000000000118	003	16.683	000000006033	161.755450	-0.357320	0.50389
000000000118	003	16.683	000000008031	161.718130	-0.313600	0.51188
000000000118	003	16.683	000000012410	161.666920	-0.286360	0.53453
000000000117	003	16.071	000000005920	010.564206	-0.429676	0.53626
000000000117	003	16.071	000000006813	010.524397	-0.390286	0.55563
000000000117	003	16.071	000000007554	010.535636	-0.449868	0.54158
000000000001	003	17.088	000000003599	151.402530	-0.391000	0.44373
000000000001	003	17.088	000000008332	151.235820	-0.478088	0.42939
000000000001	003	17.088	000000005686	151.321200	-0.111427	0.40209
000000000124	003	16.626	000000000799	035.394703	-0.215965	0.54162
000000000124	003	16.626	000000011960	035.406945	-0.207207	0.51881
000000000124	003	16.626	000000012413	035.371418	-0.199296	0.54785
000000000120	003	16.992	000000000188	160.797200	+0.338031	0.51466
000000000120	003	16.992	000000002261	160.799450	+0.368308	0.55390
000000000120	003	16.992	000000001457	160.808840	+0.409386	0.52586
000000000125	003	17.411	000000000900	014.843648	+0.297460	0.53175
000000000125	003	17.411	000000011406	014.839699	+0.346102	0.50782
000000000125	003	17.411	000000004137	014.873817	+0.377083	0.56345
000000000110	003	15.664	000000002119	163.889120	-0.506021	0.54202
000000000110	003	15.664	000000004588	163.871490	-0.543925	0.52768
000000000110	003	15.664	000000006150	163.885910	-0.530794	0.53244
000000000112	003	15.627	000000002304	011.543590	+0.182229	0.49440
000000000112	003	15.627	000000007147	011.511338	+0.151256	0.50838
000000000112	003	15.627	000000010051	011.500986	+0.222111	0.49998
000000000106	003	16.797	000000000139	185.303440	+0.188230	0.50534
000000000106	003	16.797	000000001032	185.277400	+0.241073	0.52077
000000000106	003	16.797	000000004961	185.309770	+0.289866	0.54000
000000000097	003	17.181	000000001255	161.561660	-0.813726	0.52887
000000000097	003	17.181	000000007604	161.529390	-0.809484	0.50012
000000000097	003	17.181	000000004628	161.476320	-0.813580	0.54636
000000000099	003	16.423	000000003225	159.520860	-0.026970	0.51374
000000000099	003	16.423	000000007589	159.542770	-0.031076	0.50769
000000000099	003	16.423	000000008939	159.494650	-0.021217	0.53265
000000000107	003	16.882	000000000288	137.747110	+0.178194	0.54562
000000000107	003	16.882	000000005654	137.697080	+0.177008	0.50859
000000000107	003	16.882	000000012979	137.686570	+0.216550	0.52503
000000000101	003	16.884	000000004788	010.779958	-0.028800	0.51278
000000000101	003	16.884	000000007514	010.817065	-0.031066	0.52358
000000000101	003	16.884	000000009339	010.816436	+0.015536	0.48752
000000000100	003	15.710	000000003282	152.556530	-0.096757	0.52071
000000000100	003	15.710	000000004387	152.564830	-0.107517	0.52130
000000000100	003	15.710	000000007419	152.506060	-0.078014	0.50798
000000000104	003	17.074	000000006331	154.177420	+0.030000	0.52204
000000000104	003	17.074	000000006960	154.200090	+0.039077	0.48414
000000000104	003	17.074	000000010166	154.166370	+0.025225	0.52035
000000000105	003	16.004	000000007629	150.240690	+0.240112	0.53158
000000000105	003	16.004	000000009818	150.200750	+0.245367	0.51896
000000000105	003	16.004	000000007921	150.190190	+0.281940	0.51308
000000000102	003	17.025	000000005031	010.591488	-0.011069	0.49310
000000000102	003	17.025	000000006177	010.550799	-0.004376	0.53401
000000000102	003	17.025	000000006736	010.620814	-0.028967	0.50892
000000000171	003	17.601	000000002052	167.804310	-0.826770	0.54407
000000000171	003	17.601	000000002913	167.803630	-0.846900	0.53247
000000000171	003	17.601	000000010527	167.750070	-0.870593	0.59364
000000000126	003	17.190	000000001316	151.099340	-0.750060	0.51997
000000000126	003	17.190	000000004875	151.123890	-0.725883	0.55826
000000000126	003	17.190	000000005183	151.096280	-0.715331	0.51538
000000000129	003	16.025	000000002328	156.357540	-0.620725	0.53890
000000000129	003	16.025	000000008148	156.340160	-0.658853	0.55472
000000000129	003	16.025	000000008933	156.309890	-0.623264	0.53720
000000000151	003	16.494	000000000482	150.360140	-0.322388	0.55257
000000000151	003	16.494	000000001728	150.393570	-0.313008	0.56743
000000000151	003	16.494	000000008205	150.362390	-0.334258	0.58039
000000000153	003	14.875	000000000584	150.705830	+0.511549	0.54762
000000000153	003	14.875	000000001808	150.704140	+0.548844	0.54714
000000000153	003	14.875	000000002763	150.764140	+0.555356	0.55430
000000000150	003	16.856	000000000279	036.746924	+0.283672	0.55145
000000000150	003	16.856	000000002556	036.752607	+0.239778	0.56901
000000000150	003	16.856	000000009425	036.699270	+0.296749	0.53239
000000000159	003	15.275	000000002371	156.636430	-0.517062	0.55771
000000000159	003	15.275	000000003194	156.601770	-0.524067	0.56852
000000000159	003	15.275	000000011653	156.628180	-0.536345	0.56184
000000000157	003	16.390	000000001850	156.494420	-0.138841	0.53602
000000000157	003	16.390	000000010497	156.474500	-0.125538	0.56010
000000000157	003	16.390	000000011255	156.422040	-0.094381	0.55560
000000000167	003	16.774	000000000595	015.637499	-0.357274	0.57470
000000000167	003	16.774	000000008731	015.666566	-0.360217	0.54237
000000000167	003	16.774	000000008540	015.726960	-0.379088	0.56895
000000000168	003	16.363	000000000815	139.065160	-0.163880	0.56669
000000000168	003	16.363	000000007055	139.123370	-0.139070	0.55665
000000000168	003	16.363	000000003323	139.127320	-0.139919	0.54173
000000000164	003	16.971	000000006758	012.747612	+0.629094	0.54669
000000000164	003	16.971	000000010528	012.700117	+0.591814	0.58005
000000000164	003	16.971	000000012696	012.740568	+0.623655	0.54415
000000000127	003	17.064	000000001895	152.700750	-0.661899	0.50771
000000000127	003	17.064	000000010233	152.719520	-0.680238	0.52377
000000000127	003	17.064	000000011459	152.752410	-0.674088	0.55000
000000000147	003	16.304	000000003419	140.483090	+0.089779	0.53222
000000000147	003	16.304	000000010863	140.484720	+0.048793	0.52338
000000000147	003	16.304	000000004606	140.539050	+0.056767	0.54700
000000000148	003	17.195	000000006402	037.762546	+0.223192	0.55978
000000000148	003	17.195	000000009084	037.728808	+0.220516	0.51633
000000000148	003	17.195	000000011917	037.724735	+0.239091	0.52189
000000000144	003	16.745	000000001737	035.455259	-0.275353	0.52749
000000000144	003	16.745	000000002547	035.419463	-0.307005	0.55782
000000000144	003	16.745	000000013086	035.483405	-0.235562	0.53028
000000000130	003	16.310	000000002821	162.660860	-0.352820	0.53155
000000000130	003	16.310	000000005030	162.682580	-0.331013	0.53576
000000000130	003	16.310	000000005265	162.724440	-0.320054	0.55414
000000000131	003	16.430	000000003049	011.959220	+0.478950	0.54982
000000000131	003	16.430	000000003923	011.981384	+0.468835	0.52710
000000000131	003	16.430	000000006052	011.906114	+0.490402	0.52701
000000000145	003	16.496	000000001968	162.735810	-0.516239	0.55904
000000000145	003	16.496	000000004720	162.742320	-0.513234	0.54094
000000000145	003	16.496	000000005644	162.707190	-0.553443	0.53179
000000000134	003	17.021	000000003987	142.173560	-0.239076	0.55070
000000000134	003	17.021	000000011116	142.197270	-0.261267	0.54716
000000000134	003	17.021	000000012933	142.124260	-0.257386	0.51320
000000000133	003	16.917	000000003562	014.993302	-0.487549	0.52201
000000000133	003	16.917	000000005014	014.968570	-0.442187	0.55815
000000000133	003	16.917	000000004078	014.944283	-0.427524	0.52930
000000000141	003	16.593	000000000977	140.057250	+0.500114	0.52807
000000000141	003	16.593	000000004406	140.075600	+0.489959	0.55578
000000000141	003	16.593	000000002569	140.116380	+0.484448	0.53235
000000000142	003	16.230	000000001300	153.416590	-0.142178	0.54785
000000000142	003	16.230	000000004388	153.404630	-0.144334	0.52800
000000000142	003	16.230	000000007582	153.352210	-0.123728	0.52866
000000000140	003	15.984	000000000971	015.858285	-0.407170	0.55097
000000000140	003	15.984	000000011707	015.821272	-0.418194	0.53788
000000000140	003	15.984	000000012720	015.806624	-0.365093	0.55605
000000000242	003	16.343	000000006738	163.565060	+0.149357	0.67356
000000000242	003	16.343	000000007278	163.431740	-0.296199	0.65909
000000000242	003	16.343	000000011056	163.919650	+0.391491	0.68447
